0.000000 1.000000e+00 
1.000000 9.999756e-01 
2.000000 9.999268e-01 
3.000000 9.998535e-01 
4.000000 9.997559e-01 
5.000000 9.996338e-01 
6.000000 9.994874e-01 
7.000000 9.993166e-01 
8.000000 9.991214e-01 
9.000000 9.989019e-01 
10.000000 9.986581e-01 
11.000000 9.983899e-01 
12.000000 9.980974e-01 
13.000000 9.977807e-01 
14.000000 9.974397e-01 
15.000000 9.970745e-01 
16.000000 9.966851e-01 
17.000000 9.962715e-01 
18.000000 9.958337e-01 
19.000000 9.953719e-01 
20.000000 9.948860e-01 
21.000000 9.943760e-01 
22.000000 9.938420e-01 
23.000000 9.932841e-01 
24.000000 9.927023e-01 
25.000000 9.920965e-01 
26.000000 9.914669e-01 
27.000000 9.908136e-01 
28.000000 9.901365e-01 
29.000000 9.894357e-01 
30.000000 9.887112e-01 
31.000000 9.879632e-01 
32.000000 9.871916e-01 
33.000000 9.863966e-01 
34.000000 9.855781e-01 
35.000000 9.847362e-01 
36.000000 9.838711e-01 
37.000000 9.829827e-01 
38.000000 9.820712e-01 
39.000000 9.811365e-01 
40.000000 9.801788e-01 
41.000000 9.791981e-01 
42.000000 9.781945e-01 
43.000000 9.771681e-01 
44.000000 9.761189e-01 
45.000000 9.750471e-01 
46.000000 9.739526e-01 
47.000000 9.728356e-01 
48.000000 9.716962e-01 
49.000000 9.705345e-01 
50.000000 9.693504e-01 
51.000000 9.681441e-01 
52.000000 9.669158e-01 
53.000000 9.656654e-01 
54.000000 9.643931e-01 
55.000000 9.630990e-01 
56.000000 9.617831e-01 
57.000000 9.604455e-01 
58.000000 9.590864e-01 
59.000000 9.577059e-01 
60.000000 9.563040e-01 
61.000000 9.548808e-01 
62.000000 9.534365e-01 
63.000000 9.519711e-01 
64.000000 9.504847e-01 
65.000000 9.489775e-01 
66.000000 9.474496e-01 
67.000000 9.459010e-01 
68.000000 9.443319e-01 
69.000000 9.427424e-01 
70.000000 9.411326e-01 
71.000000 9.395026e-01 
72.000000 9.378525e-01 
73.000000 9.361824e-01 
74.000000 9.344925e-01 
75.000000 9.327829e-01 
76.000000 9.310537e-01 
77.000000 9.293050e-01 
78.000000 9.275370e-01 
79.000000 9.257497e-01 
80.000000 9.239433e-01 
81.000000 9.221179e-01 
82.000000 9.202736e-01 
83.000000 9.184106e-01 
84.000000 9.165290e-01 
85.000000 9.146289e-01 
86.000000 9.127105e-01 
87.000000 9.107739e-01 
88.000000 9.088192e-01 
89.000000 9.068465e-01 
90.000000 9.048560e-01 
91.000000 9.028479e-01 
92.000000 9.008222e-01 
93.000000 8.987791e-01 
94.000000 8.967188e-01 
95.000000 8.946413e-01 
96.000000 8.925469e-01 
97.000000 8.904356e-01 
98.000000 8.883076e-01 
99.000000 8.861631e-01 
100.000000 8.840022e-01 
101.000000 8.818250e-01 
102.000000 8.796317e-01 
103.000000 8.774224e-01 
104.000000 8.751973e-01 
105.000000 8.729566e-01 
106.000000 8.707003e-01 
107.000000 8.684286e-01 
108.000000 8.661417e-01 
109.000000 8.638398e-01 
110.000000 8.615229e-01 
111.000000 8.591913e-01 
112.000000 8.568451e-01 
113.000000 8.544844e-01 
114.000000 8.521094e-01 
115.000000 8.497203e-01 
116.000000 8.473172e-01 
117.000000 8.449002e-01 
118.000000 8.424696e-01 
119.000000 8.400254e-01 
120.000000 8.375679e-01 
121.000000 8.350972e-01 
122.000000 8.326135e-01 
123.000000 8.301168e-01 
124.000000 8.276075e-01 
125.000000 8.250856e-01 
126.000000 8.225513e-01 
127.000000 8.200048e-01 
128.000000 8.174461e-01 
129.000000 8.148756e-01 
130.000000 8.122933e-01 
131.000000 8.096995e-01 
132.000000 8.070942e-01 
133.000000 8.044777e-01 
134.000000 8.018500e-01 
135.000000 7.992115e-01 
136.000000 7.965621e-01 
137.000000 7.939022e-01 
138.000000 7.912318e-01 
139.000000 7.885512e-01 
140.000000 7.858604e-01 
141.000000 7.831597e-01 
142.000000 7.804493e-01 
143.000000 7.777292e-01 
144.000000 7.749997e-01 
145.000000 7.722609e-01 
146.000000 7.695130e-01 
147.000000 7.667562e-01 
148.000000 7.639906e-01 
149.000000 7.612164e-01 
150.000000 7.584337e-01 
151.000000 7.556428e-01 
152.000000 7.528437e-01 
153.000000 7.500367e-01 
154.000000 7.472219e-01 
155.000000 7.443995e-01 
156.000000 7.415697e-01 
157.000000 7.387326e-01 
158.000000 7.358884e-01 
159.000000 7.330372e-01 
160.000000 7.301792e-01 
161.000000 7.273147e-01 
162.000000 7.244437e-01 
163.000000 7.215664e-01 
164.000000 7.186829e-01 
165.000000 7.157936e-01 
166.000000 7.128984e-01 
167.000000 7.099976e-01 
168.000000 7.070914e-01 
169.000000 7.041798e-01 
170.000000 7.012632e-01 
171.000000 6.983415e-01 
172.000000 6.954151e-01 
173.000000 6.924840e-01 
174.000000 6.895484e-01 
175.000000 6.866085e-01 
176.000000 6.836644e-01 
177.000000 6.807164e-01 
178.000000 6.777645e-01 
179.000000 6.748089e-01 
180.000000 6.718499e-01 
181.000000 6.688874e-01 
182.000000 6.659218e-01 
183.000000 6.629531e-01 
184.000000 6.599816e-01 
185.000000 6.570073e-01 
186.000000 6.540305e-01 
187.000000 6.510513e-01 
188.000000 6.480698e-01 
189.000000 6.450862e-01 
190.000000 6.421006e-01 
191.000000 6.391133e-01 
192.000000 6.361244e-01 
193.000000 6.331340e-01 
194.000000 6.301422e-01 
195.000000 6.271493e-01 
196.000000 6.241553e-01 
197.000000 6.211605e-01 
198.000000 6.181649e-01 
199.000000 6.151688e-01 
200.000000 6.121723e-01 
201.000000 6.091754e-01 
202.000000 6.061785e-01 
203.000000 6.031816e-01 
204.000000 6.001848e-01 
205.000000 5.971883e-01 
206.000000 5.941923e-01 
207.000000 5.911969e-01 
208.000000 5.882022e-01 
209.000000 5.852084e-01 
210.000000 5.822156e-01 
211.000000 5.792240e-01 
212.000000 5.762337e-01 
213.000000 5.732449e-01 
214.000000 5.702576e-01 
215.000000 5.672720e-01 
216.000000 5.642883e-01 
217.000000 5.613066e-01 
218.000000 5.583270e-01 
219.000000 5.553496e-01 
220.000000 5.523747e-01 
221.000000 5.494022e-01 
222.000000 5.464325e-01 
223.000000 5.434655e-01 
224.000000 5.405014e-01 
225.000000 5.375404e-01 
226.000000 5.345825e-01 
227.000000 5.316279e-01 
228.000000 5.286768e-01 
229.000000 5.257292e-01 
230.000000 5.227852e-01 
231.000000 5.198451e-01 
232.000000 5.169089e-01 
233.000000 5.139767e-01 
234.000000 5.110487e-01 
235.000000 5.081249e-01 
236.000000 5.052055e-01 
237.000000 5.022907e-01 
238.000000 4.993804e-01 
239.000000 4.964749e-01 
240.000000 4.935743e-01 
241.000000 4.906786e-01 
242.000000 4.877880e-01 
243.000000 4.849026e-01 
244.000000 4.820225e-01 
245.000000 4.791478e-01 
246.000000 4.762787e-01 
247.000000 4.734151e-01 
248.000000 4.705573e-01 
249.000000 4.677053e-01 
250.000000 4.648592e-01 
251.000000 4.620192e-01 
252.000000 4.591853e-01 
253.000000 4.563577e-01 
254.000000 4.535364e-01 
255.000000 4.507215e-01 
256.000000 4.479132e-01 
257.000000 4.451115e-01 
258.000000 4.423165e-01 
259.000000 4.395283e-01 
260.000000 4.367471e-01 
261.000000 4.339728e-01 
262.000000 4.312057e-01 
263.000000 4.284457e-01 
264.000000 4.256930e-01 
265.000000 4.229477e-01 
266.000000 4.202098e-01 
267.000000 4.174795e-01 
268.000000 4.147567e-01 
269.000000 4.120417e-01 
270.000000 4.093344e-01 
271.000000 4.066350e-01 
272.000000 4.039435e-01 
273.000000 4.012601e-01 
274.000000 3.985847e-01 
275.000000 3.959175e-01 
276.000000 3.932586e-01 
277.000000 3.906080e-01 
278.000000 3.879658e-01 
279.000000 3.853320e-01 
280.000000 3.827068e-01 
281.000000 3.800902e-01 
282.000000 3.774822e-01 
283.000000 3.748830e-01 
284.000000 3.722926e-01 
285.000000 3.697111e-01 
286.000000 3.671385e-01 
287.000000 3.645749e-01 
288.000000 3.620204e-01 
289.000000 3.594750e-01 
290.000000 3.569388e-01 
291.000000 3.544118e-01 
292.000000 3.518941e-01 
293.000000 3.493858e-01 
294.000000 3.468869e-01 
295.000000 3.443974e-01 
296.000000 3.419175e-01 
297.000000 3.394471e-01 
298.000000 3.369864e-01 
299.000000 3.345353e-01 
300.000000 3.320940e-01 
301.000000 3.296624e-01 
302.000000 3.272406e-01 
303.000000 3.248287e-01 
304.000000 3.224267e-01 
305.000000 3.200346e-01 
306.000000 3.176526e-01 
307.000000 3.152805e-01 
308.000000 3.129186e-01 
309.000000 3.105667e-01 
310.000000 3.082250e-01 
311.000000 3.058935e-01 
312.000000 3.035722e-01 
313.000000 3.012612e-01 
314.000000 2.989605e-01 
315.000000 2.966701e-01 
316.000000 2.943900e-01 
317.000000 2.921204e-01 
318.000000 2.898611e-01 
319.000000 2.876123e-01 
320.000000 2.853740e-01 
321.000000 2.831462e-01 
322.000000 2.809290e-01 
323.000000 2.787223e-01 
324.000000 2.765262e-01 
325.000000 2.743406e-01 
326.000000 2.721657e-01 
327.000000 2.700015e-01 
328.000000 2.678479e-01 
329.000000 2.657051e-01 
330.000000 2.635729e-01 
331.000000 2.614514e-01 
332.000000 2.593407e-01 
333.000000 2.572408e-01 
334.000000 2.551516e-01 
335.000000 2.530732e-01 
336.000000 2.510057e-01 
337.000000 2.489489e-01 
338.000000 2.469030e-01 
339.000000 2.448679e-01 
340.000000 2.428436e-01 
341.000000 2.408302e-01 
342.000000 2.388276e-01 
343.000000 2.368360e-01 
344.000000 2.348552e-01 
345.000000 2.328853e-01 
346.000000 2.309262e-01 
347.000000 2.289781e-01 
348.000000 2.270408e-01 
349.000000 2.251145e-01 
350.000000 2.231990e-01 
351.000000 2.212944e-01 
352.000000 2.194008e-01 
353.000000 2.175180e-01 
354.000000 2.156461e-01 
355.000000 2.137851e-01 
356.000000 2.119350e-01 
357.000000 2.100958e-01 
358.000000 2.082674e-01 
359.000000 2.064499e-01 
360.000000 2.046433e-01 
361.000000 2.028475e-01 
362.000000 2.010626e-01 
363.000000 1.992885e-01 
364.000000 1.975253e-01 
365.000000 1.957729e-01 
366.000000 1.940313e-01 
367.000000 1.923005e-01 
368.000000 1.905804e-01 
369.000000 1.888712e-01 
370.000000 1.871727e-01 
371.000000 1.854849e-01 
372.000000 1.838079e-01 
373.000000 1.821416e-01 
374.000000 1.804860e-01 
375.000000 1.788411e-01 
376.000000 1.772068e-01 
377.000000 1.755832e-01 
378.000000 1.739702e-01 
379.000000 1.723679e-01 
380.000000 1.707761e-01 
381.000000 1.691949e-01 
382.000000 1.676242e-01 
383.000000 1.660641e-01 
384.000000 1.645144e-01 
385.000000 1.629753e-01 
386.000000 1.614466e-01 
387.000000 1.599283e-01 
388.000000 1.584205e-01 
389.000000 1.569230e-01 
390.000000 1.554359e-01 
391.000000 1.539591e-01 
392.000000 1.524927e-01 
393.000000 1.510365e-01 
394.000000 1.495905e-01 
395.000000 1.481548e-01 
396.000000 1.467293e-01 
397.000000 1.453140e-01 
398.000000 1.439088e-01 
399.000000 1.425137e-01 
400.000000 1.411287e-01 
401.000000 1.397537e-01 
402.000000 1.383888e-01 
403.000000 1.370338e-01 
404.000000 1.356888e-01 
405.000000 1.343537e-01 
406.000000 1.330285e-01 
407.000000 1.317132e-01 
408.000000 1.304076e-01 
409.000000 1.291119e-01 
410.000000 1.278259e-01 
411.000000 1.265496e-01 
412.000000 1.252831e-01 
413.000000 1.240261e-01 
414.000000 1.227788e-01 
415.000000 1.215411e-01 
416.000000 1.203129e-01 
417.000000 1.190942e-01 
418.000000 1.178849e-01 
419.000000 1.166851e-01 
420.000000 1.154947e-01 
421.000000 1.143137e-01 
422.000000 1.131419e-01 
423.000000 1.119795e-01 
424.000000 1.108262e-01 
425.000000 1.096822e-01 
426.000000 1.085473e-01 
427.000000 1.074216e-01 
428.000000 1.063049e-01 
429.000000 1.051973e-01 
430.000000 1.040987e-01 
431.000000 1.030090e-01 
432.000000 1.019282e-01 
433.000000 1.008564e-01 
434.000000 9.979331e-02 
435.000000 9.873906e-02 
436.000000 9.769356e-02 
437.000000 9.665678e-02 
438.000000 9.562866e-02 
439.000000 9.460917e-02 
440.000000 9.359826e-02 
441.000000 9.259589e-02 
442.000000 9.160202e-02 
443.000000 9.061660e-02 
444.000000 8.963960e-02 
445.000000 8.867097e-02 
446.000000 8.771066e-02 
447.000000 8.675863e-02 
448.000000 8.581485e-02 
449.000000 8.487925e-02 
450.000000 8.395181e-02 
451.000000 8.303247e-02 
452.000000 8.212120e-02 
453.000000 8.121794e-02 
454.000000 8.032266e-02 
455.000000 7.943531e-02 
456.000000 7.855584e-02 
457.000000 7.768421e-02 
458.000000 7.682038e-02 
459.000000 7.596430e-02 
460.000000 7.511593e-02 
461.000000 7.427521e-02 
462.000000 7.344211e-02 
463.000000 7.261659e-02 
464.000000 7.179859e-02 
465.000000 7.098807e-02 
466.000000 7.018499e-02 
467.000000 6.938930e-02 
468.000000 6.860095e-02 
469.000000 6.781991e-02 
470.000000 6.704612e-02 
471.000000 6.627954e-02 
472.000000 6.552013e-02 
473.000000 6.476784e-02 
474.000000 6.402262e-02 
475.000000 6.328443e-02 
476.000000 6.255322e-02 
477.000000 6.182895e-02 
478.000000 6.111158e-02 
479.000000 6.040106e-02 
480.000000 5.969734e-02 
481.000000 5.900038e-02 
482.000000 5.831013e-02 
483.000000 5.762655e-02 
484.000000 5.694959e-02 
485.000000 5.627921e-02 
486.000000 5.561536e-02 
487.000000 5.495801e-02 
488.000000 5.430709e-02 
489.000000 5.366258e-02 
490.000000 5.302442e-02 
491.000000 5.239257e-02 
492.000000 5.176699e-02 
493.000000 5.114762e-02 
494.000000 5.053444e-02 
495.000000 4.992738e-02 
496.000000 4.932642e-02 
497.000000 4.873149e-02 
498.000000 4.814257e-02 
499.000000 4.755960e-02 
500.000000 4.698255e-02 
501.000000 4.641136e-02 
502.000000 4.584600e-02 
503.000000 4.528642e-02 
504.000000 4.473258e-02 
505.000000 4.418443e-02 
506.000000 4.364194e-02 
507.000000 4.310505e-02 
508.000000 4.257373e-02 
509.000000 4.204793e-02 
510.000000 4.152761e-02 
511.000000 4.101272e-02 
512.000000 4.050324e-02 
513.000000 3.999910e-02 
514.000000 3.950028e-02 
515.000000 3.900672e-02 
516.000000 3.851839e-02 
517.000000 3.803524e-02 
518.000000 3.755724e-02 
519.000000 3.708434e-02 
520.000000 3.661650e-02 
521.000000 3.615368e-02 
522.000000 3.569584e-02 
523.000000 3.524294e-02 
524.000000 3.479493e-02 
525.000000 3.435178e-02 
526.000000 3.391345e-02 
527.000000 3.347989e-02 
528.000000 3.305106e-02 
529.000000 3.262694e-02 
530.000000 3.220746e-02 
531.000000 3.179261e-02 
532.000000 3.138233e-02 
533.000000 3.097659e-02 
534.000000 3.057535e-02 
535.000000 3.017858e-02 
536.000000 2.978622e-02 
537.000000 2.939824e-02 
538.000000 2.901462e-02 
539.000000 2.863529e-02 
540.000000 2.826024e-02 
541.000000 2.788942e-02 
542.000000 2.752279e-02 
543.000000 2.716032e-02 
544.000000 2.680197e-02 
545.000000 2.644770e-02 
546.000000 2.609748e-02 
547.000000 2.575126e-02 
548.000000 2.540902e-02 
549.000000 2.507071e-02 
550.000000 2.473631e-02 
551.000000 2.440577e-02 
552.000000 2.407905e-02 
553.000000 2.375614e-02 
554.000000 2.343698e-02 
555.000000 2.312154e-02 
556.000000 2.280979e-02 
557.000000 2.250170e-02 
558.000000 2.219722e-02 
559.000000 2.189633e-02 
560.000000 2.159899e-02 
561.000000 2.130517e-02 
562.000000 2.101484e-02 
563.000000 2.072795e-02 
564.000000 2.044448e-02 
565.000000 2.016440e-02 
566.000000 1.988766e-02 
567.000000 1.961425e-02 
568.000000 1.934412e-02 
569.000000 1.907725e-02 
570.000000 1.881360e-02 
571.000000 1.855314e-02 
572.000000 1.829584e-02 
573.000000 1.804166e-02 
574.000000 1.779059e-02 
575.000000 1.754258e-02 
576.000000 1.729760e-02 
577.000000 1.705563e-02 
578.000000 1.681663e-02 
579.000000 1.658058e-02 
580.000000 1.634744e-02 
581.000000 1.611719e-02 
582.000000 1.588979e-02 
583.000000 1.566522e-02 
584.000000 1.544344e-02 
585.000000 1.522444e-02 
586.000000 1.500817e-02 
587.000000 1.479461e-02 
588.000000 1.458374e-02 
589.000000 1.437552e-02 
590.000000 1.416992e-02 
591.000000 1.396693e-02 
592.000000 1.376651e-02 
593.000000 1.356863e-02 
594.000000 1.337327e-02 
595.000000 1.318040e-02 
596.000000 1.299000e-02 
597.000000 1.280203e-02 
598.000000 1.261648e-02 
599.000000 1.243331e-02 
