0.000000 1.000000e+00 
1.000000 9.999863e-01 
2.000000 9.999588e-01 
3.000000 9.999176e-01 
4.000000 9.998627e-01 
5.000000 9.997940e-01 
6.000000 9.997116e-01 
7.000000 9.996155e-01 
8.000000 9.995057e-01 
9.000000 9.993822e-01 
10.000000 9.992449e-01 
11.000000 9.990940e-01 
12.000000 9.989294e-01 
13.000000 9.987510e-01 
14.000000 9.985590e-01 
15.000000 9.983533e-01 
16.000000 9.981340e-01 
17.000000 9.979010e-01 
18.000000 9.976543e-01 
19.000000 9.973940e-01 
20.000000 9.971201e-01 
21.000000 9.968326e-01 
22.000000 9.965315e-01 
23.000000 9.962167e-01 
24.000000 9.958884e-01 
25.000000 9.955466e-01 
26.000000 9.951912e-01 
27.000000 9.948222e-01 
28.000000 9.944397e-01 
29.000000 9.940438e-01 
30.000000 9.936343e-01 
31.000000 9.932114e-01 
32.000000 9.927750e-01 
33.000000 9.923251e-01 
34.000000 9.918619e-01 
35.000000 9.913853e-01 
36.000000 9.908952e-01 
37.000000 9.903918e-01 
38.000000 9.898751e-01 
39.000000 9.893451e-01 
40.000000 9.888018e-01 
41.000000 9.882451e-01 
42.000000 9.876753e-01 
43.000000 9.870922e-01 
44.000000 9.864959e-01 
45.000000 9.858864e-01 
46.000000 9.852638e-01 
47.000000 9.846281e-01 
48.000000 9.839792e-01 
49.000000 9.833173e-01 
50.000000 9.826423e-01 
51.000000 9.819543e-01 
52.000000 9.812533e-01 
53.000000 9.805393e-01 
54.000000 9.798124e-01 
55.000000 9.790726e-01 
56.000000 9.783199e-01 
57.000000 9.775544e-01 
58.000000 9.767760e-01 
59.000000 9.759849e-01 
60.000000 9.751810e-01 
61.000000 9.743644e-01 
62.000000 9.735351e-01 
63.000000 9.726931e-01 
64.000000 9.718386e-01 
65.000000 9.709714e-01 
66.000000 9.700917e-01 
67.000000 9.691995e-01 
68.000000 9.682948e-01 
69.000000 9.673777e-01 
70.000000 9.664482e-01 
71.000000 9.655063e-01 
72.000000 9.645521e-01 
73.000000 9.635855e-01 
74.000000 9.626068e-01 
75.000000 9.616158e-01 
76.000000 9.606126e-01 
77.000000 9.595973e-01 
78.000000 9.585700e-01 
79.000000 9.575305e-01 
80.000000 9.564791e-01 
81.000000 9.554157e-01 
82.000000 9.543404e-01 
83.000000 9.532532e-01 
84.000000 9.521541e-01 
85.000000 9.510433e-01 
86.000000 9.499207e-01 
87.000000 9.487864e-01 
88.000000 9.476404e-01 
89.000000 9.464829e-01 
90.000000 9.453137e-01 
91.000000 9.441331e-01 
92.000000 9.429409e-01 
93.000000 9.417374e-01 
94.000000 9.405224e-01 
95.000000 9.392961e-01 
96.000000 9.380586e-01 
97.000000 9.368098e-01 
98.000000 9.355498e-01 
99.000000 9.342787e-01 
100.000000 9.329965e-01 
101.000000 9.317032e-01 
102.000000 9.303990e-01 
103.000000 9.290838e-01 
104.000000 9.277578e-01 
105.000000 9.264209e-01 
106.000000 9.250733e-01 
107.000000 9.237149e-01 
108.000000 9.223458e-01 
109.000000 9.209662e-01 
110.000000 9.195759e-01 
111.000000 9.181752e-01 
112.000000 9.167640e-01 
113.000000 9.153424e-01 
114.000000 9.139104e-01 
115.000000 9.124682e-01 
116.000000 9.110157e-01 
117.000000 9.095531e-01 
118.000000 9.080803e-01 
119.000000 9.065975e-01 
120.000000 9.051046e-01 
121.000000 9.036018e-01 
122.000000 9.020891e-01 
123.000000 9.005666e-01 
124.000000 8.990342e-01 
125.000000 8.974922e-01 
126.000000 8.959405e-01 
127.000000 8.943792e-01 
128.000000 8.928084e-01 
129.000000 8.912281e-01 
130.000000 8.896384e-01 
131.000000 8.880393e-01 
132.000000 8.864309e-01 
133.000000 8.848133e-01 
134.000000 8.831864e-01 
135.000000 8.815505e-01 
136.000000 8.799055e-01 
137.000000 8.782516e-01 
138.000000 8.765887e-01 
139.000000 8.749169e-01 
140.000000 8.732363e-01 
141.000000 8.715470e-01 
142.000000 8.698490e-01 
143.000000 8.681424e-01 
144.000000 8.664273e-01 
145.000000 8.647036e-01 
146.000000 8.629716e-01 
147.000000 8.612311e-01 
148.000000 8.594824e-01 
149.000000 8.577255e-01 
150.000000 8.559604e-01 
151.000000 8.541872e-01 
152.000000 8.524059e-01 
153.000000 8.506167e-01 
154.000000 8.488196e-01 
155.000000 8.470147e-01 
156.000000 8.452019e-01 
157.000000 8.433815e-01 
158.000000 8.415535e-01 
159.000000 8.397178e-01 
160.000000 8.378747e-01 
161.000000 8.360242e-01 
162.000000 8.341662e-01 
163.000000 8.323010e-01 
164.000000 8.304285e-01 
165.000000 8.285489e-01 
166.000000 8.266621e-01 
167.000000 8.247684e-01 
168.000000 8.228677e-01 
169.000000 8.209600e-01 
170.000000 8.190456e-01 
171.000000 8.171244e-01 
172.000000 8.151965e-01 
173.000000 8.132620e-01 
174.000000 8.113209e-01 
175.000000 8.093734e-01 
176.000000 8.074194e-01 
177.000000 8.054591e-01 
178.000000 8.034925e-01 
179.000000 8.015197e-01 
180.000000 7.995408e-01 
181.000000 7.975558e-01 
182.000000 7.955648e-01 
183.000000 7.935679e-01 
184.000000 7.915651e-01 
185.000000 7.895566e-01 
186.000000 7.875423e-01 
187.000000 7.855223e-01 
188.000000 7.834968e-01 
189.000000 7.814658e-01 
190.000000 7.794293e-01 
191.000000 7.773875e-01 
192.000000 7.753404e-01 
193.000000 7.732880e-01 
194.000000 7.712305e-01 
195.000000 7.691679e-01 
196.000000 7.671003e-01 
197.000000 7.650277e-01 
198.000000 7.629502e-01 
199.000000 7.608680e-01 
200.000000 7.587810e-01 
201.000000 7.566893e-01 
202.000000 7.545930e-01 
203.000000 7.524922e-01 
204.000000 7.503870e-01 
205.000000 7.482774e-01 
206.000000 7.461634e-01 
207.000000 7.440452e-01 
208.000000 7.419228e-01 
209.000000 7.397964e-01 
210.000000 7.376658e-01 
211.000000 7.355314e-01 
212.000000 7.333930e-01 
213.000000 7.312508e-01 
214.000000 7.291048e-01 
215.000000 7.269552e-01 
216.000000 7.248019e-01 
217.000000 7.226451e-01 
218.000000 7.204848e-01 
219.000000 7.183211e-01 
220.000000 7.161541e-01 
221.000000 7.139838e-01 
222.000000 7.118103e-01 
223.000000 7.096337e-01 
224.000000 7.074540e-01 
225.000000 7.052713e-01 
226.000000 7.030857e-01 
227.000000 7.008973e-01 
228.000000 6.987061e-01 
229.000000 6.965121e-01 
230.000000 6.943155e-01 
231.000000 6.921163e-01 
232.000000 6.899147e-01 
233.000000 6.877105e-01 
234.000000 6.855040e-01 
235.000000 6.832952e-01 
236.000000 6.810842e-01 
237.000000 6.788710e-01 
238.000000 6.766557e-01 
239.000000 6.744383e-01 
240.000000 6.722190e-01 
241.000000 6.699978e-01 
242.000000 6.677748e-01 
243.000000 6.655500e-01 
244.000000 6.633235e-01 
245.000000 6.610954e-01 
246.000000 6.588657e-01 
247.000000 6.566345e-01 
248.000000 6.544019e-01 
249.000000 6.521679e-01 
250.000000 6.499326e-01 
251.000000 6.476961e-01 
252.000000 6.454584e-01 
253.000000 6.432196e-01 
254.000000 6.409797e-01 
255.000000 6.387389e-01 
256.000000 6.364972e-01 
257.000000 6.342547e-01 
258.000000 6.320114e-01 
259.000000 6.297673e-01 
260.000000 6.275226e-01 
261.000000 6.252773e-01 
262.000000 6.230315e-01 
263.000000 6.207853e-01 
264.000000 6.185386e-01 
265.000000 6.162916e-01 
266.000000 6.140443e-01 
267.000000 6.117969e-01 
268.000000 6.095492e-01 
269.000000 6.073015e-01 
270.000000 6.050538e-01 
271.000000 6.028061e-01 
272.000000 6.005586e-01 
273.000000 5.983111e-01 
274.000000 5.960640e-01 
275.000000 5.938171e-01 
276.000000 5.915705e-01 
277.000000 5.893243e-01 
278.000000 5.870786e-01 
279.000000 5.848335e-01 
280.000000 5.825889e-01 
281.000000 5.803450e-01 
282.000000 5.781017e-01 
283.000000 5.758593e-01 
284.000000 5.736176e-01 
285.000000 5.713769e-01 
286.000000 5.691370e-01 
287.000000 5.668982e-01 
288.000000 5.646604e-01 
289.000000 5.624237e-01 
290.000000 5.601882e-01 
291.000000 5.579539e-01 
292.000000 5.557209e-01 
293.000000 5.534893e-01 
294.000000 5.512590e-01 
295.000000 5.490301e-01 
296.000000 5.468028e-01 
297.000000 5.445770e-01 
298.000000 5.423529e-01 
299.000000 5.401304e-01 
300.000000 5.379096e-01 
301.000000 5.356906e-01 
302.000000 5.334734e-01 
303.000000 5.312581e-01 
304.000000 5.290448e-01 
305.000000 5.268334e-01 
306.000000 5.246241e-01 
307.000000 5.224168e-01 
308.000000 5.202117e-01 
309.000000 5.180088e-01 
310.000000 5.158081e-01 
311.000000 5.136098e-01 
312.000000 5.114137e-01 
313.000000 5.092201e-01 
314.000000 5.070289e-01 
315.000000 5.048402e-01 
316.000000 5.026541e-01 
317.000000 5.004706e-01 
318.000000 4.982896e-01 
319.000000 4.961114e-01 
320.000000 4.939360e-01 
321.000000 4.917633e-01 
322.000000 4.895934e-01 
323.000000 4.874264e-01 
324.000000 4.852624e-01 
325.000000 4.831013e-01 
326.000000 4.809432e-01 
327.000000 4.787882e-01 
328.000000 4.766364e-01 
329.000000 4.744876e-01 
330.000000 4.723421e-01 
331.000000 4.701998e-01 
332.000000 4.680608e-01 
333.000000 4.659252e-01 
334.000000 4.637929e-01 
335.000000 4.616640e-01 
336.000000 4.595386e-01 
337.000000 4.574167e-01 
338.000000 4.552983e-01 
339.000000 4.531835e-01 
340.000000 4.510724e-01 
341.000000 4.489649e-01 
342.000000 4.468611e-01 
343.000000 4.447611e-01 
344.000000 4.426649e-01 
345.000000 4.405725e-01 
346.000000 4.384840e-01 
347.000000 4.363993e-01 
348.000000 4.343186e-01 
349.000000 4.322420e-01 
350.000000 4.301693e-01 
351.000000 4.281007e-01 
352.000000 4.260361e-01 
353.000000 4.239758e-01 
354.000000 4.219195e-01 
355.000000 4.198675e-01 
356.000000 4.178198e-01 
357.000000 4.157763e-01 
358.000000 4.137371e-01 
359.000000 4.117023e-01 
360.000000 4.096718e-01 
361.000000 4.076458e-01 
362.000000 4.056242e-01 
363.000000 4.036071e-01 
364.000000 4.015945e-01 
365.000000 3.995865e-01 
366.000000 3.975830e-01 
367.000000 3.955842e-01 
368.000000 3.935900e-01 
369.000000 3.916005e-01 
370.000000 3.896156e-01 
371.000000 3.876356e-01 
372.000000 3.856602e-01 
373.000000 3.836897e-01 
374.000000 3.817240e-01 
375.000000 3.797632e-01 
376.000000 3.778072e-01 
377.000000 3.758562e-01 
378.000000 3.739101e-01 
379.000000 3.719689e-01 
380.000000 3.700328e-01 
381.000000 3.681017e-01 
382.000000 3.661756e-01 
383.000000 3.642546e-01 
384.000000 3.623387e-01 
385.000000 3.604280e-01 
386.000000 3.585224e-01 
387.000000 3.566219e-01 
388.000000 3.547267e-01 
389.000000 3.528367e-01 
390.000000 3.509519e-01 
391.000000 3.490724e-01 
392.000000 3.471983e-01 
393.000000 3.453294e-01 
394.000000 3.434659e-01 
395.000000 3.416077e-01 
396.000000 3.397549e-01 
397.000000 3.379076e-01 
398.000000 3.360656e-01 
399.000000 3.342292e-01 
400.000000 3.323981e-01 
401.000000 3.305726e-01 
402.000000 3.287526e-01 
403.000000 3.269381e-01 
404.000000 3.251292e-01 
405.000000 3.233258e-01 
406.000000 3.215281e-01 
407.000000 3.197359e-01 
408.000000 3.179493e-01 
409.000000 3.161684e-01 
410.000000 3.143932e-01 
411.000000 3.126236e-01 
412.000000 3.108597e-01 
413.000000 3.091016e-01 
414.000000 3.073491e-01 
415.000000 3.056024e-01 
416.000000 3.038614e-01 
417.000000 3.021262e-01 
418.000000 3.003968e-01 
419.000000 2.986732e-01 
420.000000 2.969554e-01 
421.000000 2.952434e-01 
422.000000 2.935373e-01 
423.000000 2.918370e-01 
424.000000 2.901426e-01 
425.000000 2.884540e-01 
426.000000 2.867714e-01 
427.000000 2.850946e-01 
428.000000 2.834238e-01 
429.000000 2.817588e-01 
430.000000 2.800999e-01 
431.000000 2.784468e-01 
432.000000 2.767997e-01 
433.000000 2.751586e-01 
434.000000 2.735234e-01 
435.000000 2.718943e-01 
436.000000 2.702711e-01 
437.000000 2.686539e-01 
438.000000 2.670427e-01 
439.000000 2.654376e-01 
440.000000 2.638385e-01 
441.000000 2.622454e-01 
442.000000 2.606583e-01 
443.000000 2.590773e-01 
444.000000 2.575024e-01 
445.000000 2.559335e-01 
446.000000 2.543706e-01 
447.000000 2.528139e-01 
448.000000 2.512632e-01 
449.000000 2.497186e-01 
450.000000 2.481801e-01 
451.000000 2.466476e-01 
452.000000 2.451213e-01 
453.000000 2.436011e-01 
454.000000 2.420870e-01 
455.000000 2.405790e-01 
456.000000 2.390771e-01 
457.000000 2.375813e-01 
458.000000 2.360916e-01 
459.000000 2.346080e-01 
460.000000 2.331306e-01 
461.000000 2.316593e-01 
462.000000 2.301941e-01 
463.000000 2.287350e-01 
464.000000 2.272821e-01 
465.000000 2.258353e-01 
466.000000 2.243946e-01 
467.000000 2.229600e-01 
468.000000 2.215316e-01 
469.000000 2.201093e-01 
470.000000 2.186932e-01 
471.000000 2.172831e-01 
472.000000 2.158792e-01 
473.000000 2.144814e-01 
474.000000 2.130897e-01 
475.000000 2.117042e-01 
476.000000 2.103248e-01 
477.000000 2.089515e-01 
478.000000 2.075843e-01 
479.000000 2.062232e-01 
480.000000 2.048683e-01 
481.000000 2.035194e-01 
482.000000 2.021766e-01 
483.000000 2.008400e-01 
484.000000 1.995094e-01 
485.000000 1.981850e-01 
486.000000 1.968666e-01 
487.000000 1.955543e-01 
488.000000 1.942481e-01 
489.000000 1.929480e-01 
490.000000 1.916539e-01 
491.000000 1.903659e-01 
492.000000 1.890840e-01 
493.000000 1.878081e-01 
494.000000 1.865383e-01 
495.000000 1.852745e-01 
496.000000 1.840167e-01 
497.000000 1.827650e-01 
498.000000 1.815193e-01 
499.000000 1.802796e-01 
500.000000 1.790459e-01 
501.000000 1.778182e-01 
502.000000 1.765965e-01 
503.000000 1.753808e-01 
504.000000 1.741710e-01 
505.000000 1.729673e-01 
506.000000 1.717695e-01 
507.000000 1.705776e-01 
508.000000 1.693917e-01 
509.000000 1.682117e-01 
510.000000 1.670377e-01 
511.000000 1.658696e-01 
512.000000 1.647073e-01 
513.000000 1.635510e-01 
514.000000 1.624006e-01 
515.000000 1.612560e-01 
516.000000 1.601173e-01 
517.000000 1.589845e-01 
518.000000 1.578575e-01 
519.000000 1.567363e-01 
520.000000 1.556210e-01 
521.000000 1.545115e-01 
522.000000 1.534078e-01 
523.000000 1.523099e-01 
524.000000 1.512177e-01 
525.000000 1.501314e-01 
526.000000 1.490508e-01 
527.000000 1.479759e-01 
528.000000 1.469068e-01 
529.000000 1.458434e-01 
530.000000 1.447857e-01 
531.000000 1.437337e-01 
532.000000 1.426873e-01 
533.000000 1.416467e-01 
534.000000 1.406117e-01 
535.000000 1.395824e-01 
536.000000 1.385587e-01 
537.000000 1.375406e-01 
538.000000 1.365281e-01 
539.000000 1.355212e-01 
540.000000 1.345199e-01 
541.000000 1.335241e-01 
542.000000 1.325339e-01 
543.000000 1.315492e-01 
544.000000 1.305701e-01 
545.000000 1.295965e-01 
546.000000 1.286283e-01 
547.000000 1.276657e-01 
548.000000 1.267085e-01 
549.000000 1.257567e-01 
550.000000 1.248104e-01 
551.000000 1.238695e-01 
552.000000 1.229340e-01 
553.000000 1.220039e-01 
554.000000 1.210792e-01 
555.000000 1.201599e-01 
556.000000 1.192458e-01 
557.000000 1.183371e-01 
558.000000 1.174338e-01 
559.000000 1.165357e-01 
560.000000 1.156429e-01 
561.000000 1.147553e-01 
562.000000 1.138730e-01 
563.000000 1.129960e-01 
564.000000 1.121241e-01 
565.000000 1.112575e-01 
566.000000 1.103960e-01 
567.000000 1.095397e-01 
568.000000 1.086886e-01 
569.000000 1.078425e-01 
570.000000 1.070016e-01 
571.000000 1.061658e-01 
572.000000 1.053351e-01 
573.000000 1.045095e-01 
574.000000 1.036888e-01 
575.000000 1.028733e-01 
576.000000 1.020627e-01 
577.000000 1.012571e-01 
578.000000 1.004565e-01 
579.000000 9.966091e-02 
580.000000 9.887023e-02 
581.000000 9.808447e-02 
582.000000 9.730362e-02 
583.000000 9.652766e-02 
584.000000 9.575657e-02 
585.000000 9.499034e-02 
586.000000 9.422895e-02 
587.000000 9.347237e-02 
588.000000 9.272060e-02 
589.000000 9.197360e-02 
590.000000 9.123138e-02 
591.000000 9.049390e-02 
592.000000 8.976115e-02 
593.000000 8.903311e-02 
594.000000 8.830976e-02 
595.000000 8.759109e-02 
596.000000 8.687707e-02 
597.000000 8.616769e-02 
598.000000 8.546293e-02 
599.000000 8.476276e-02 
