0.000000 1.000000e+00 
1.000000 9.999939e-01 
2.000000 9.999817e-01 
3.000000 9.999634e-01 
4.000000 9.999390e-01 
5.000000 9.999084e-01 
6.000000 9.998718e-01 
7.000000 9.998291e-01 
8.000000 9.997803e-01 
9.000000 9.997254e-01 
10.000000 9.996644e-01 
11.000000 9.995972e-01 
12.000000 9.995240e-01 
13.000000 9.994447e-01 
14.000000 9.993593e-01 
15.000000 9.992678e-01 
16.000000 9.991702e-01 
17.000000 9.990666e-01 
18.000000 9.989568e-01 
19.000000 9.988410e-01 
20.000000 9.987190e-01 
21.000000 9.985910e-01 
22.000000 9.984569e-01 
23.000000 9.983168e-01 
24.000000 9.981706e-01 
25.000000 9.980182e-01 
26.000000 9.978599e-01 
27.000000 9.976954e-01 
28.000000 9.975249e-01 
29.000000 9.973484e-01 
30.000000 9.971658e-01 
31.000000 9.969771e-01 
32.000000 9.967824e-01 
33.000000 9.965817e-01 
34.000000 9.963749e-01 
35.000000 9.961620e-01 
36.000000 9.959432e-01 
37.000000 9.957183e-01 
38.000000 9.954873e-01 
39.000000 9.952504e-01 
40.000000 9.950074e-01 
41.000000 9.947585e-01 
42.000000 9.945035e-01 
43.000000 9.942425e-01 
44.000000 9.939755e-01 
45.000000 9.937025e-01 
46.000000 9.934236e-01 
47.000000 9.931386e-01 
48.000000 9.928477e-01 
49.000000 9.925508e-01 
50.000000 9.922479e-01 
51.000000 9.919391e-01 
52.000000 9.916243e-01 
53.000000 9.913036e-01 
54.000000 9.909769e-01 
55.000000 9.906443e-01 
56.000000 9.903057e-01 
57.000000 9.899612e-01 
58.000000 9.896108e-01 
59.000000 9.892545e-01 
60.000000 9.888923e-01 
61.000000 9.885242e-01 
62.000000 9.881501e-01 
63.000000 9.877702e-01 
64.000000 9.873845e-01 
65.000000 9.869928e-01 
66.000000 9.865953e-01 
67.000000 9.861919e-01 
68.000000 9.857826e-01 
69.000000 9.853676e-01 
70.000000 9.849466e-01 
71.000000 9.845199e-01 
72.000000 9.840873e-01 
73.000000 9.836489e-01 
74.000000 9.832047e-01 
75.000000 9.827547e-01 
76.000000 9.822990e-01 
77.000000 9.818374e-01 
78.000000 9.813701e-01 
79.000000 9.808970e-01 
80.000000 9.804181e-01 
81.000000 9.799335e-01 
82.000000 9.794432e-01 
83.000000 9.789471e-01 
84.000000 9.784453e-01 
85.000000 9.779378e-01 
86.000000 9.774246e-01 
87.000000 9.769057e-01 
88.000000 9.763811e-01 
89.000000 9.758509e-01 
90.000000 9.753149e-01 
91.000000 9.747733e-01 
92.000000 9.742261e-01 
93.000000 9.736733e-01 
94.000000 9.731148e-01 
95.000000 9.725507e-01 
96.000000 9.719810e-01 
97.000000 9.714057e-01 
98.000000 9.708248e-01 
99.000000 9.702383e-01 
100.000000 9.696463e-01 
101.000000 9.690487e-01 
102.000000 9.684456e-01 
103.000000 9.678369e-01 
104.000000 9.672227e-01 
105.000000 9.666030e-01 
106.000000 9.659779e-01 
107.000000 9.653472e-01 
108.000000 9.647110e-01 
109.000000 9.640694e-01 
110.000000 9.634223e-01 
111.000000 9.627698e-01 
112.000000 9.621119e-01 
113.000000 9.614485e-01 
114.000000 9.607797e-01 
115.000000 9.601056e-01 
116.000000 9.594260e-01 
117.000000 9.587411e-01 
118.000000 9.580508e-01 
119.000000 9.573552e-01 
120.000000 9.566543e-01 
121.000000 9.559480e-01 
122.000000 9.552364e-01 
123.000000 9.545195e-01 
124.000000 9.537973e-01 
125.000000 9.530699e-01 
126.000000 9.523372e-01 
127.000000 9.515993e-01 
128.000000 9.508561e-01 
129.000000 9.501077e-01 
130.000000 9.493541e-01 
131.000000 9.485953e-01 
132.000000 9.478313e-01 
133.000000 9.470622e-01 
134.000000 9.462879e-01 
135.000000 9.455085e-01 
136.000000 9.447239e-01 
137.000000 9.439343e-01 
138.000000 9.431395e-01 
139.000000 9.423397e-01 
140.000000 9.415348e-01 
141.000000 9.407248e-01 
142.000000 9.399098e-01 
143.000000 9.390898e-01 
144.000000 9.382647e-01 
145.000000 9.374347e-01 
146.000000 9.365997e-01 
147.000000 9.357597e-01 
148.000000 9.349147e-01 
149.000000 9.340648e-01 
150.000000 9.332100e-01 
151.000000 9.323503e-01 
152.000000 9.314857e-01 
153.000000 9.306162e-01 
154.000000 9.297419e-01 
155.000000 9.288627e-01 
156.000000 9.279787e-01 
157.000000 9.270898e-01 
158.000000 9.261962e-01 
159.000000 9.252977e-01 
160.000000 9.243945e-01 
161.000000 9.234866e-01 
162.000000 9.225739e-01 
163.000000 9.216565e-01 
164.000000 9.207343e-01 
165.000000 9.198075e-01 
166.000000 9.188760e-01 
167.000000 9.179399e-01 
168.000000 9.169990e-01 
169.000000 9.160536e-01 
170.000000 9.151036e-01 
171.000000 9.141489e-01 
172.000000 9.131897e-01 
173.000000 9.122260e-01 
174.000000 9.112576e-01 
175.000000 9.102848e-01 
176.000000 9.093074e-01 
177.000000 9.083256e-01 
178.000000 9.073393e-01 
179.000000 9.063485e-01 
180.000000 9.053532e-01 
181.000000 9.043536e-01 
182.000000 9.033495e-01 
183.000000 9.023410e-01 
184.000000 9.013282e-01 
185.000000 9.003110e-01 
186.000000 8.992895e-01 
187.000000 8.982636e-01 
188.000000 8.972334e-01 
189.000000 8.961990e-01 
190.000000 8.951602e-01 
191.000000 8.941172e-01 
192.000000 8.930700e-01 
193.000000 8.920186e-01 
194.000000 8.909629e-01 
195.000000 8.899031e-01 
196.000000 8.888391e-01 
197.000000 8.877710e-01 
198.000000 8.866987e-01 
199.000000 8.856224e-01 
200.000000 8.845419e-01 
201.000000 8.834574e-01 
202.000000 8.823688e-01 
203.000000 8.812761e-01 
204.000000 8.801795e-01 
205.000000 8.790788e-01 
206.000000 8.779742e-01 
207.000000 8.768656e-01 
208.000000 8.757531e-01 
209.000000 8.746366e-01 
210.000000 8.735162e-01 
211.000000 8.723919e-01 
212.000000 8.712638e-01 
213.000000 8.701318e-01 
214.000000 8.689960e-01 
215.000000 8.678563e-01 
216.000000 8.667129e-01 
217.000000 8.655657e-01 
218.000000 8.644147e-01 
219.000000 8.632600e-01 
220.000000 8.621016e-01 
221.000000 8.609394e-01 
222.000000 8.597736e-01 
223.000000 8.586042e-01 
224.000000 8.574310e-01 
225.000000 8.562543e-01 
226.000000 8.550740e-01 
227.000000 8.538900e-01 
228.000000 8.527025e-01 
229.000000 8.515115e-01 
230.000000 8.503169e-01 
231.000000 8.491189e-01 
232.000000 8.479173e-01 
233.000000 8.467123e-01 
234.000000 8.455038e-01 
235.000000 8.442919e-01 
236.000000 8.430766e-01 
237.000000 8.418579e-01 
238.000000 8.406358e-01 
239.000000 8.394104e-01 
240.000000 8.381816e-01 
241.000000 8.369496e-01 
242.000000 8.357142e-01 
243.000000 8.344756e-01 
244.000000 8.332337e-01 
245.000000 8.319886e-01 
246.000000 8.307403e-01 
247.000000 8.294888e-01 
248.000000 8.282341e-01 
249.000000 8.269763e-01 
250.000000 8.257154e-01 
251.000000 8.244513e-01 
252.000000 8.231841e-01 
253.000000 8.219139e-01 
254.000000 8.206407e-01 
255.000000 8.193644e-01 
256.000000 8.180850e-01 
257.000000 8.168028e-01 
258.000000 8.155175e-01 
259.000000 8.142293e-01 
260.000000 8.129381e-01 
261.000000 8.116441e-01 
262.000000 8.103472e-01 
263.000000 8.090474e-01 
264.000000 8.077447e-01 
265.000000 8.064393e-01 
266.000000 8.051310e-01 
267.000000 8.038199e-01 
268.000000 8.025061e-01 
269.000000 8.011896e-01 
270.000000 7.998703e-01 
271.000000 7.985483e-01 
272.000000 7.972236e-01 
273.000000 7.958963e-01 
274.000000 7.945663e-01 
275.000000 7.932338e-01 
276.000000 7.918986e-01 
277.000000 7.905608e-01 
278.000000 7.892205e-01 
279.000000 7.878776e-01 
280.000000 7.865323e-01 
281.000000 7.851844e-01 
282.000000 7.838340e-01 
283.000000 7.824812e-01 
284.000000 7.811260e-01 
285.000000 7.797684e-01 
286.000000 7.784083e-01 
287.000000 7.770459e-01 
288.000000 7.756812e-01 
289.000000 7.743141e-01 
290.000000 7.729447e-01 
291.000000 7.715730e-01 
292.000000 7.701991e-01 
293.000000 7.688229e-01 
294.000000 7.674445e-01 
295.000000 7.660639e-01 
296.000000 7.646811e-01 
297.000000 7.632961e-01 
298.000000 7.619090e-01 
299.000000 7.605197e-01 
300.000000 7.591284e-01 
301.000000 7.577350e-01 
302.000000 7.563395e-01 
303.000000 7.549420e-01 
304.000000 7.535425e-01 
305.000000 7.521410e-01 
306.000000 7.507375e-01 
307.000000 7.493320e-01 
308.000000 7.479246e-01 
309.000000 7.465153e-01 
310.000000 7.451041e-01 
311.000000 7.436911e-01 
312.000000 7.422762e-01 
313.000000 7.408594e-01 
314.000000 7.394409e-01 
315.000000 7.380205e-01 
316.000000 7.365984e-01 
317.000000 7.351745e-01 
318.000000 7.337490e-01 
319.000000 7.323217e-01 
320.000000 7.308927e-01 
321.000000 7.294621e-01 
322.000000 7.280298e-01 
323.000000 7.265959e-01 
324.000000 7.251604e-01 
325.000000 7.237233e-01 
326.000000 7.222846e-01 
327.000000 7.208444e-01 
328.000000 7.194027e-01 
329.000000 7.179595e-01 
330.000000 7.165148e-01 
331.000000 7.150687e-01 
332.000000 7.136211e-01 
333.000000 7.121721e-01 
334.000000 7.107217e-01 
335.000000 7.092699e-01 
336.000000 7.078168e-01 
337.000000 7.063624e-01 
338.000000 7.049066e-01 
339.000000 7.034495e-01 
340.000000 7.019912e-01 
341.000000 7.005316e-01 
342.000000 6.990708e-01 
343.000000 6.976087e-01 
344.000000 6.961455e-01 
345.000000 6.946811e-01 
346.000000 6.932156e-01 
347.000000 6.917489e-01 
348.000000 6.902811e-01 
349.000000 6.888122e-01 
350.000000 6.873423e-01 
351.000000 6.858713e-01 
352.000000 6.843993e-01 
353.000000 6.829262e-01 
354.000000 6.814522e-01 
355.000000 6.799772e-01 
356.000000 6.785013e-01 
357.000000 6.770244e-01 
358.000000 6.755466e-01 
359.000000 6.740679e-01 
360.000000 6.725884e-01 
361.000000 6.711080e-01 
362.000000 6.696268e-01 
363.000000 6.681448e-01 
364.000000 6.666620e-01 
365.000000 6.651784e-01 
366.000000 6.636941e-01 
367.000000 6.622090e-01 
368.000000 6.607232e-01 
369.000000 6.592368e-01 
370.000000 6.577496e-01 
371.000000 6.562618e-01 
372.000000 6.547734e-01 
373.000000 6.532844e-01 
374.000000 6.517948e-01 
375.000000 6.503046e-01 
376.000000 6.488139e-01 
377.000000 6.473226e-01 
378.000000 6.458308e-01 
379.000000 6.443385e-01 
380.000000 6.428457e-01 
381.000000 6.413525e-01 
382.000000 6.398589e-01 
383.000000 6.383648e-01 
384.000000 6.368703e-01 
385.000000 6.353755e-01 
386.000000 6.338802e-01 
387.000000 6.323847e-01 
388.000000 6.308888e-01 
389.000000 6.293926e-01 
390.000000 6.278962e-01 
391.000000 6.263994e-01 
392.000000 6.249025e-01 
393.000000 6.234053e-01 
394.000000 6.219078e-01 
395.000000 6.204102e-01 
396.000000 6.189125e-01 
397.000000 6.174145e-01 
398.000000 6.159165e-01 
399.000000 6.144183e-01 
400.000000 6.129200e-01 
401.000000 6.114217e-01 
402.000000 6.099233e-01 
403.000000 6.084248e-01 
404.000000 6.069263e-01 
405.000000 6.054279e-01 
406.000000 6.039294e-01 
407.000000 6.024310e-01 
408.000000 6.009326e-01 
409.000000 5.994343e-01 
410.000000 5.979360e-01 
411.000000 5.964379e-01 
412.000000 5.949399e-01 
413.000000 5.934420e-01 
414.000000 5.919443e-01 
415.000000 5.904468e-01 
416.000000 5.889495e-01 
417.000000 5.874523e-01 
418.000000 5.859554e-01 
419.000000 5.844588e-01 
420.000000 5.829624e-01 
421.000000 5.814663e-01 
422.000000 5.799705e-01 
423.000000 5.784750e-01 
424.000000 5.769799e-01 
425.000000 5.754851e-01 
426.000000 5.739906e-01 
427.000000 5.724966e-01 
428.000000 5.710029e-01 
429.000000 5.695097e-01 
430.000000 5.680169e-01 
431.000000 5.665246e-01 
432.000000 5.650328e-01 
433.000000 5.635414e-01 
434.000000 5.620505e-01 
435.000000 5.605602e-01 
436.000000 5.590704e-01 
437.000000 5.575811e-01 
438.000000 5.560925e-01 
439.000000 5.546044e-01 
440.000000 5.531169e-01 
441.000000 5.516301e-01 
442.000000 5.501438e-01 
443.000000 5.486583e-01 
444.000000 5.471734e-01 
445.000000 5.456892e-01 
446.000000 5.442057e-01 
447.000000 5.427229e-01 
448.000000 5.412409e-01 
449.000000 5.397596e-01 
450.000000 5.382791e-01 
451.000000 5.367994e-01 
452.000000 5.353204e-01 
453.000000 5.338423e-01 
454.000000 5.323650e-01 
455.000000 5.308886e-01 
456.000000 5.294130e-01 
457.000000 5.279383e-01 
458.000000 5.264645e-01 
459.000000 5.249916e-01 
460.000000 5.235197e-01 
461.000000 5.220486e-01 
462.000000 5.205786e-01 
463.000000 5.191095e-01 
464.000000 5.176414e-01 
465.000000 5.161743e-01 
466.000000 5.147082e-01 
467.000000 5.132431e-01 
468.000000 5.117791e-01 
469.000000 5.103161e-01 
470.000000 5.088543e-01 
471.000000 5.073935e-01 
472.000000 5.059338e-01 
473.000000 5.044752e-01 
474.000000 5.030178e-01 
475.000000 5.015615e-01 
476.000000 5.001064e-01 
477.000000 4.986525e-01 
478.000000 4.971997e-01 
479.000000 4.957482e-01 
480.000000 4.942979e-01 
481.000000 4.928488e-01 
482.000000 4.914010e-01 
483.000000 4.899544e-01 
484.000000 4.885091e-01 
485.000000 4.870651e-01 
486.000000 4.856224e-01 
487.000000 4.841810e-01 
488.000000 4.827410e-01 
489.000000 4.813022e-01 
490.000000 4.798649e-01 
491.000000 4.784289e-01 
492.000000 4.769943e-01 
493.000000 4.755611e-01 
494.000000 4.741294e-01 
495.000000 4.726990e-01 
496.000000 4.712701e-01 
497.000000 4.698426e-01 
498.000000 4.684166e-01 
499.000000 4.669921e-01 
500.000000 4.655691e-01 
501.000000 4.641476e-01 
502.000000 4.627276e-01 
503.000000 4.613091e-01 
504.000000 4.598921e-01 
505.000000 4.584768e-01 
506.000000 4.570629e-01 
507.000000 4.556507e-01 
508.000000 4.542400e-01 
509.000000 4.528310e-01 
510.000000 4.514236e-01 
511.000000 4.500178e-01 
512.000000 4.486136e-01 
513.000000 4.472111e-01 
514.000000 4.458102e-01 
515.000000 4.444111e-01 
516.000000 4.430136e-01 
517.000000 4.416178e-01 
518.000000 4.402237e-01 
519.000000 4.388314e-01 
520.000000 4.374407e-01 
521.000000 4.360519e-01 
522.000000 4.346647e-01 
523.000000 4.332794e-01 
524.000000 4.318958e-01 
525.000000 4.305140e-01 
526.000000 4.291341e-01 
527.000000 4.277559e-01 
528.000000 4.263795e-01 
529.000000 4.250050e-01 
530.000000 4.236324e-01 
531.000000 4.222616e-01 
532.000000 4.208926e-01 
533.000000 4.195256e-01 
534.000000 4.181604e-01 
535.000000 4.167971e-01 
536.000000 4.154357e-01 
537.000000 4.140763e-01 
538.000000 4.127188e-01 
539.000000 4.113632e-01 
540.000000 4.100095e-01 
541.000000 4.086579e-01 
542.000000 4.073082e-01 
543.000000 4.059604e-01 
544.000000 4.046147e-01 
545.000000 4.032710e-01 
546.000000 4.019293e-01 
547.000000 4.005896e-01 
548.000000 3.992519e-01 
549.000000 3.979162e-01 
550.000000 3.965827e-01 
551.000000 3.952511e-01 
552.000000 3.939217e-01 
553.000000 3.925943e-01 
554.000000 3.912690e-01 
555.000000 3.899457e-01 
556.000000 3.886246e-01 
557.000000 3.873056e-01 
558.000000 3.859888e-01 
559.000000 3.846740e-01 
560.000000 3.833614e-01 
561.000000 3.820509e-01 
562.000000 3.807426e-01 
563.000000 3.794365e-01 
564.000000 3.781325e-01 
565.000000 3.768307e-01 
566.000000 3.755311e-01 
567.000000 3.742337e-01 
568.000000 3.729385e-01 
569.000000 3.716455e-01 
570.000000 3.703548e-01 
571.000000 3.690663e-01 
572.000000 3.677800e-01 
573.000000 3.664959e-01 
574.000000 3.652141e-01 
575.000000 3.639346e-01 
576.000000 3.626573e-01 
577.000000 3.613824e-01 
578.000000 3.601097e-01 
579.000000 3.588393e-01 
580.000000 3.575711e-01 
581.000000 3.563053e-01 
582.000000 3.550419e-01 
583.000000 3.537807e-01 
584.000000 3.525219e-01 
585.000000 3.512653e-01 
586.000000 3.500112e-01 
587.000000 3.487594e-01 
588.000000 3.475099e-01 
589.000000 3.462628e-01 
590.000000 3.450181e-01 
591.000000 3.437758e-01 
592.000000 3.425358e-01 
593.000000 3.412982e-01 
594.000000 3.400630e-01 
595.000000 3.388303e-01 
596.000000 3.375999e-01 
597.000000 3.363719e-01 
598.000000 3.351464e-01 
599.000000 3.339233e-01 
600.000000 3.327026e-01 
601.000000 3.314844e-01 
602.000000 3.302686e-01 
603.000000 3.290553e-01 
604.000000 3.278444e-01 
605.000000 3.266359e-01 
606.000000 3.254300e-01 
607.000000 3.242265e-01 
608.000000 3.230255e-01 
609.000000 3.218270e-01 
610.000000 3.206310e-01 
611.000000 3.194374e-01 
612.000000 3.182464e-01 
613.000000 3.170579e-01 
614.000000 3.158719e-01 
615.000000 3.146884e-01 
616.000000 3.135074e-01 
617.000000 3.123289e-01 
618.000000 3.111530e-01 
619.000000 3.099796e-01 
620.000000 3.088088e-01 
621.000000 3.076405e-01 
622.000000 3.064747e-01 
623.000000 3.053115e-01 
624.000000 3.041509e-01 
625.000000 3.029928e-01 
626.000000 3.018373e-01 
627.000000 3.006844e-01 
628.000000 2.995340e-01 
629.000000 2.983862e-01 
630.000000 2.972410e-01 
631.000000 2.960984e-01 
632.000000 2.949584e-01 
633.000000 2.938210e-01 
634.000000 2.926861e-01 
635.000000 2.915539e-01 
636.000000 2.904243e-01 
637.000000 2.892973e-01 
638.000000 2.881729e-01 
639.000000 2.870511e-01 
640.000000 2.859320e-01 
641.000000 2.848155e-01 
642.000000 2.837016e-01 
643.000000 2.825903e-01 
644.000000 2.814817e-01 
645.000000 2.803757e-01 
646.000000 2.792723e-01 
647.000000 2.781716e-01 
648.000000 2.770736e-01 
649.000000 2.759781e-01 
650.000000 2.748854e-01 
651.000000 2.737953e-01 
652.000000 2.727078e-01 
653.000000 2.716231e-01 
654.000000 2.705409e-01 
655.000000 2.694615e-01 
656.000000 2.683847e-01 
657.000000 2.673106e-01 
658.000000 2.662392e-01 
659.000000 2.651704e-01 
660.000000 2.641043e-01 
661.000000 2.630409e-01 
662.000000 2.619802e-01 
663.000000 2.609222e-01 
664.000000 2.598668e-01 
665.000000 2.588141e-01 
666.000000 2.577642e-01 
667.000000 2.567169e-01 
668.000000 2.556723e-01 
669.000000 2.546304e-01 
670.000000 2.535912e-01 
671.000000 2.525548e-01 
672.000000 2.515210e-01 
673.000000 2.504899e-01 
674.000000 2.494615e-01 
675.000000 2.484358e-01 
676.000000 2.474129e-01 
677.000000 2.463926e-01 
678.000000 2.453751e-01 
679.000000 2.443602e-01 
680.000000 2.433481e-01 
681.000000 2.423387e-01 
682.000000 2.413320e-01 
683.000000 2.403280e-01 
684.000000 2.393267e-01 
685.000000 2.383282e-01 
686.000000 2.373323e-01 
687.000000 2.363392e-01 
688.000000 2.353488e-01 
689.000000 2.343611e-01 
690.000000 2.333762e-01 
691.000000 2.323939e-01 
692.000000 2.314144e-01 
693.000000 2.304376e-01 
694.000000 2.294636e-01 
695.000000 2.284922e-01 
696.000000 2.275236e-01 
697.000000 2.265577e-01 
698.000000 2.255945e-01 
699.000000 2.246341e-01 
700.000000 2.236763e-01 
701.000000 2.227213e-01 
702.000000 2.217690e-01 
703.000000 2.208195e-01 
704.000000 2.198727e-01 
705.000000 2.189285e-01 
706.000000 2.179872e-01 
707.000000 2.170485e-01 
708.000000 2.161126e-01 
709.000000 2.151793e-01 
710.000000 2.142488e-01 
711.000000 2.133211e-01 
712.000000 2.123960e-01 
713.000000 2.114737e-01 
714.000000 2.105541e-01 
715.000000 2.096372e-01 
716.000000 2.087230e-01 
717.000000 2.078115e-01 
718.000000 2.069028e-01 
719.000000 2.059968e-01 
720.000000 2.050935e-01 
721.000000 2.041929e-01 
722.000000 2.032950e-01 
723.000000 2.023998e-01 
724.000000 2.015074e-01 
725.000000 2.006176e-01 
726.000000 1.997306e-01 
727.000000 1.988463e-01 
728.000000 1.979646e-01 
729.000000 1.970857e-01 
730.000000 1.962095e-01 
731.000000 1.953360e-01 
732.000000 1.944652e-01 
733.000000 1.935971e-01 
734.000000 1.927317e-01 
735.000000 1.918690e-01 
736.000000 1.910090e-01 
737.000000 1.901517e-01 
738.000000 1.892970e-01 
739.000000 1.884451e-01 
740.000000 1.875959e-01 
741.000000 1.867493e-01 
742.000000 1.859054e-01 
743.000000 1.850642e-01 
744.000000 1.842257e-01 
745.000000 1.833899e-01 
746.000000 1.825568e-01 
747.000000 1.817263e-01 
748.000000 1.808985e-01 
749.000000 1.800734e-01 
750.000000 1.792509e-01 
751.000000 1.784311e-01 
752.000000 1.776140e-01 
753.000000 1.767995e-01 
754.000000 1.759877e-01 
755.000000 1.751786e-01 
756.000000 1.743721e-01 
757.000000 1.735683e-01 
758.000000 1.727671e-01 
759.000000 1.719685e-01 
760.000000 1.711726e-01 
761.000000 1.703794e-01 
762.000000 1.695888e-01 
763.000000 1.688008e-01 
764.000000 1.680155e-01 
765.000000 1.672328e-01 
766.000000 1.664527e-01 
767.000000 1.656753e-01 
768.000000 1.649005e-01 
769.000000 1.641283e-01 
770.000000 1.633587e-01 
771.000000 1.625918e-01 
772.000000 1.618274e-01 
773.000000 1.610657e-01 
774.000000 1.603065e-01 
775.000000 1.595500e-01 
776.000000 1.587961e-01 
777.000000 1.580448e-01 
778.000000 1.572960e-01 
779.000000 1.565499e-01 
780.000000 1.558064e-01 
781.000000 1.550654e-01 
782.000000 1.543270e-01 
783.000000 1.535912e-01 
784.000000 1.528580e-01 
785.000000 1.521273e-01 
786.000000 1.513992e-01 
787.000000 1.506737e-01 
788.000000 1.499507e-01 
789.000000 1.492303e-01 
790.000000 1.485125e-01 
791.000000 1.477972e-01 
792.000000 1.470844e-01 
793.000000 1.463742e-01 
794.000000 1.456665e-01 
795.000000 1.449614e-01 
796.000000 1.442588e-01 
797.000000 1.435587e-01 
798.000000 1.428612e-01 
799.000000 1.421662e-01 
800.000000 1.414737e-01 
801.000000 1.407837e-01 
802.000000 1.400962e-01 
803.000000 1.394112e-01 
804.000000 1.387287e-01 
805.000000 1.380488e-01 
806.000000 1.373713e-01 
807.000000 1.366963e-01 
808.000000 1.360238e-01 
809.000000 1.353538e-01 
810.000000 1.346862e-01 
811.000000 1.340212e-01 
812.000000 1.333586e-01 
813.000000 1.326984e-01 
814.000000 1.320408e-01 
815.000000 1.313856e-01 
816.000000 1.307328e-01 
817.000000 1.300825e-01 
818.000000 1.294346e-01 
819.000000 1.287892e-01 
820.000000 1.281462e-01 
821.000000 1.275056e-01 
822.000000 1.268675e-01 
823.000000 1.262318e-01 
824.000000 1.255985e-01 
825.000000 1.249676e-01 
826.000000 1.243392e-01 
827.000000 1.237131e-01 
828.000000 1.230895e-01 
829.000000 1.224682e-01 
830.000000 1.218493e-01 
831.000000 1.212329e-01 
832.000000 1.206188e-01 
833.000000 1.200070e-01 
834.000000 1.193977e-01 
835.000000 1.187907e-01 
836.000000 1.181861e-01 
837.000000 1.175838e-01 
838.000000 1.169839e-01 
839.000000 1.163864e-01 
840.000000 1.157912e-01 
841.000000 1.151983e-01 
842.000000 1.146078e-01 
843.000000 1.140196e-01 
844.000000 1.134337e-01 
845.000000 1.128502e-01 
846.000000 1.122690e-01 
847.000000 1.116900e-01 
848.000000 1.111134e-01 
849.000000 1.105391e-01 
850.000000 1.099671e-01 
851.000000 1.093974e-01 
852.000000 1.088300e-01 
853.000000 1.082648e-01 
854.000000 1.077019e-01 
855.000000 1.071413e-01 
856.000000 1.065830e-01 
857.000000 1.060269e-01 
858.000000 1.054731e-01 
859.000000 1.049216e-01 
860.000000 1.043722e-01 
861.000000 1.038252e-01 
862.000000 1.032803e-01 
863.000000 1.027377e-01 
864.000000 1.021974e-01 
865.000000 1.016592e-01 
866.000000 1.011233e-01 
867.000000 1.005895e-01 
868.000000 1.000580e-01 
869.000000 9.952870e-02 
870.000000 9.900157e-02 
871.000000 9.847664e-02 
872.000000 9.795389e-02 
873.000000 9.743333e-02 
874.000000 9.691494e-02 
875.000000 9.639872e-02 
876.000000 9.588466e-02 
877.000000 9.537276e-02 
878.000000 9.486302e-02 
879.000000 9.435542e-02 
880.000000 9.384997e-02 
881.000000 9.334665e-02 
882.000000 9.284547e-02 
883.000000 9.234641e-02 
884.000000 9.184948e-02 
885.000000 9.135467e-02 
886.000000 9.086196e-02 
887.000000 9.037136e-02 
888.000000 8.988286e-02 
889.000000 8.939646e-02 
890.000000 8.891214e-02 
891.000000 8.842991e-02 
892.000000 8.794976e-02 
893.000000 8.747168e-02 
894.000000 8.699567e-02 
895.000000 8.652172e-02 
896.000000 8.604983e-02 
897.000000 8.557998e-02 
898.000000 8.511219e-02 
899.000000 8.464643e-02 
900.000000 8.418271e-02 
901.000000 8.372102e-02 
902.000000 8.326136e-02 
903.000000 8.280371e-02 
904.000000 8.234807e-02 
905.000000 8.189445e-02 
906.000000 8.144282e-02 
907.000000 8.099319e-02 
908.000000 8.054555e-02 
909.000000 8.009990e-02 
910.000000 7.965622e-02 
911.000000 7.921452e-02 
912.000000 7.877479e-02 
913.000000 7.833702e-02 
914.000000 7.790121e-02 
915.000000 7.746735e-02 
916.000000 7.703543e-02 
917.000000 7.660546e-02 
918.000000 7.617742e-02 
919.000000 7.575131e-02 
920.000000 7.532713e-02 
921.000000 7.490486e-02 
922.000000 7.448450e-02 
923.000000 7.406606e-02 
924.000000 7.364951e-02 
925.000000 7.323486e-02 
926.000000 7.282210e-02 
927.000000 7.241122e-02 
928.000000 7.200222e-02 
929.000000 7.159510e-02 
930.000000 7.118984e-02 
931.000000 7.078644e-02 
932.000000 7.038490e-02 
933.000000 6.998522e-02 
934.000000 6.958737e-02 
935.000000 6.919137e-02 
936.000000 6.879720e-02 
937.000000 6.840485e-02 
938.000000 6.801433e-02 
939.000000 6.762563e-02 
940.000000 6.723874e-02 
941.000000 6.685365e-02 
942.000000 6.647036e-02 
943.000000 6.608887e-02 
944.000000 6.570916e-02 
945.000000 6.533124e-02 
946.000000 6.495509e-02 
947.000000 6.458072e-02 
948.000000 6.420811e-02 
949.000000 6.383727e-02 
950.000000 6.346817e-02 
951.000000 6.310083e-02 
952.000000 6.273523e-02 
953.000000 6.237136e-02 
954.000000 6.200923e-02 
955.000000 6.164883e-02 
956.000000 6.129014e-02 
957.000000 6.093317e-02 
958.000000 6.057791e-02 
959.000000 6.022435e-02 
960.000000 5.987249e-02 
961.000000 5.952233e-02 
962.000000 5.917385e-02 
963.000000 5.882705e-02 
964.000000 5.848193e-02 
965.000000 5.813847e-02 
966.000000 5.779669e-02 
967.000000 5.745656e-02 
968.000000 5.711808e-02 
969.000000 5.678125e-02 
970.000000 5.644606e-02 
971.000000 5.611251e-02 
972.000000 5.578059e-02 
973.000000 5.545029e-02 
974.000000 5.512161e-02 
975.000000 5.479455e-02 
976.000000 5.446910e-02 
977.000000 5.414524e-02 
978.000000 5.382299e-02 
979.000000 5.350232e-02 
980.000000 5.318325e-02 
981.000000 5.286575e-02 
982.000000 5.254982e-02 
983.000000 5.223547e-02 
984.000000 5.192268e-02 
985.000000 5.161145e-02 
986.000000 5.130177e-02 
987.000000 5.099363e-02 
988.000000 5.068704e-02 
989.000000 5.038198e-02 
990.000000 5.007846e-02 
991.000000 4.977646e-02 
992.000000 4.947598e-02 
993.000000 4.917701e-02 
994.000000 4.887955e-02 
995.000000 4.858359e-02 
996.000000 4.828913e-02 
997.000000 4.799616e-02 
998.000000 4.770468e-02 
999.000000 4.741468e-02 
1000.000000 4.712615e-02 
1001.000000 4.683910e-02 
1002.000000 4.655351e-02 
1003.000000 4.626937e-02 
1004.000000 4.598669e-02 
1005.000000 4.570546e-02 
1006.000000 4.542567e-02 
1007.000000 4.514732e-02 
1008.000000 4.487040e-02 
1009.000000 4.459491e-02 
1010.000000 4.432084e-02 
1011.000000 4.404818e-02 
1012.000000 4.377693e-02 
1013.000000 4.350709e-02 
1014.000000 4.323865e-02 
1015.000000 4.297160e-02 
1016.000000 4.270594e-02 
1017.000000 4.244166e-02 
1018.000000 4.217876e-02 
1019.000000 4.191724e-02 
1020.000000 4.165708e-02 
1021.000000 4.139828e-02 
1022.000000 4.114084e-02 
1023.000000 4.088475e-02 
1024.000000 4.063001e-02 
1025.000000 4.037661e-02 
1026.000000 4.012454e-02 
1027.000000 3.987381e-02 
1028.000000 3.962440e-02 
1029.000000 3.937630e-02 
1030.000000 3.912953e-02 
1031.000000 3.888406e-02 
1032.000000 3.863990e-02 
1033.000000 3.839703e-02 
1034.000000 3.815546e-02 
1035.000000 3.791518e-02 
1036.000000 3.767618e-02 
1037.000000 3.743846e-02 
1038.000000 3.720201e-02 
1039.000000 3.696683e-02 
1040.000000 3.673291e-02 
1041.000000 3.650025e-02 
1042.000000 3.626884e-02 
1043.000000 3.603868e-02 
1044.000000 3.580976e-02 
1045.000000 3.558207e-02 
1046.000000 3.535562e-02 
1047.000000 3.513040e-02 
1048.000000 3.490640e-02 
1049.000000 3.468361e-02 
1050.000000 3.446204e-02 
1051.000000 3.424167e-02 
1052.000000 3.402250e-02 
1053.000000 3.380453e-02 
1054.000000 3.358775e-02 
1055.000000 3.337216e-02 
1056.000000 3.315775e-02 
1057.000000 3.294452e-02 
1058.000000 3.273245e-02 
1059.000000 3.252156e-02 
1060.000000 3.231182e-02 
1061.000000 3.210325e-02 
1062.000000 3.189582e-02 
1063.000000 3.168954e-02 
1064.000000 3.148440e-02 
1065.000000 3.128040e-02 
1066.000000 3.107753e-02 
1067.000000 3.087579e-02 
1068.000000 3.067517e-02 
1069.000000 3.047567e-02 
1070.000000 3.027728e-02 
1071.000000 3.008000e-02 
1072.000000 2.988383e-02 
1073.000000 2.968875e-02 
1074.000000 2.949476e-02 
1075.000000 2.930186e-02 
1076.000000 2.911005e-02 
1077.000000 2.891932e-02 
1078.000000 2.872966e-02 
1079.000000 2.854107e-02 
1080.000000 2.835354e-02 
1081.000000 2.816708e-02 
1082.000000 2.798167e-02 
1083.000000 2.779731e-02 
1084.000000 2.761399e-02 
1085.000000 2.743172e-02 
1086.000000 2.725049e-02 
1087.000000 2.707029e-02 
1088.000000 2.689111e-02 
1089.000000 2.671296e-02 
1090.000000 2.653583e-02 
1091.000000 2.635970e-02 
1092.000000 2.618459e-02 
1093.000000 2.601049e-02 
1094.000000 2.583738e-02 
1095.000000 2.566527e-02 
1096.000000 2.549415e-02 
1097.000000 2.532402e-02 
1098.000000 2.515486e-02 
1099.000000 2.498669e-02 
1100.000000 2.481949e-02 
1101.000000 2.465325e-02 
1102.000000 2.448798e-02 
1103.000000 2.432367e-02 
1104.000000 2.416032e-02 
1105.000000 2.399791e-02 
1106.000000 2.383646e-02 
1107.000000 2.367594e-02 
1108.000000 2.351636e-02 
1109.000000 2.335771e-02 
1110.000000 2.320000e-02 
1111.000000 2.304320e-02 
1112.000000 2.288733e-02 
1113.000000 2.273237e-02 
1114.000000 2.257833e-02 
1115.000000 2.242519e-02 
1116.000000 2.227295e-02 
1117.000000 2.212161e-02 
1118.000000 2.197117e-02 
1119.000000 2.182162e-02 
1120.000000 2.167295e-02 
1121.000000 2.152516e-02 
1122.000000 2.137825e-02 
1123.000000 2.123221e-02 
1124.000000 2.108705e-02 
1125.000000 2.094274e-02 
1126.000000 2.079930e-02 
1127.000000 2.065672e-02 
1128.000000 2.051498e-02 
1129.000000 2.037410e-02 
1130.000000 2.023406e-02 
1131.000000 2.009485e-02 
1132.000000 1.995649e-02 
1133.000000 1.981895e-02 
1134.000000 1.968225e-02 
1135.000000 1.954637e-02 
1136.000000 1.941130e-02 
1137.000000 1.927706e-02 
1138.000000 1.914362e-02 
1139.000000 1.901099e-02 
1140.000000 1.887917e-02 
1141.000000 1.874814e-02 
1142.000000 1.861791e-02 
1143.000000 1.848848e-02 
1144.000000 1.835983e-02 
1145.000000 1.823196e-02 
1146.000000 1.810487e-02 
1147.000000 1.797856e-02 
1148.000000 1.785303e-02 
1149.000000 1.772826e-02 
1150.000000 1.760425e-02 
1151.000000 1.748101e-02 
1152.000000 1.735852e-02 
1153.000000 1.723679e-02 
1154.000000 1.711580e-02 
1155.000000 1.699557e-02 
1156.000000 1.687607e-02 
1157.000000 1.675731e-02 
1158.000000 1.663928e-02 
1159.000000 1.652199e-02 
1160.000000 1.640542e-02 
1161.000000 1.628957e-02 
1162.000000 1.617445e-02 
1163.000000 1.606004e-02 
1164.000000 1.594634e-02 
1165.000000 1.583335e-02 
1166.000000 1.572106e-02 
1167.000000 1.560948e-02 
1168.000000 1.549859e-02 
1169.000000 1.538840e-02 
1170.000000 1.527890e-02 
1171.000000 1.517008e-02 
1172.000000 1.506195e-02 
1173.000000 1.495449e-02 
1174.000000 1.484771e-02 
1175.000000 1.474161e-02 
1176.000000 1.463617e-02 
1177.000000 1.453140e-02 
1178.000000 1.442729e-02 
1179.000000 1.432384e-02 
1180.000000 1.422105e-02 
1181.000000 1.411890e-02 
1182.000000 1.401740e-02 
1183.000000 1.391655e-02 
1184.000000 1.381634e-02 
1185.000000 1.371677e-02 
1186.000000 1.361783e-02 
1187.000000 1.351953e-02 
1188.000000 1.342185e-02 
1189.000000 1.332479e-02 
1190.000000 1.322836e-02 
1191.000000 1.313254e-02 
1192.000000 1.303734e-02 
1193.000000 1.294275e-02 
1194.000000 1.284877e-02 
1195.000000 1.275539e-02 
1196.000000 1.266262e-02 
1197.000000 1.257044e-02 
1198.000000 1.247885e-02 
1199.000000 1.238786e-02 
1200.000000 1.229746e-02 
1201.000000 1.220764e-02 
1202.000000 1.211840e-02 
1203.000000 1.202975e-02 
1204.000000 1.194167e-02 
1205.000000 1.185416e-02 
1206.000000 1.176722e-02 
1207.000000 1.168084e-02 
1208.000000 1.159503e-02 
1209.000000 1.150978e-02 
1210.000000 1.142509e-02 
1211.000000 1.134095e-02 
1212.000000 1.125736e-02 
1213.000000 1.117432e-02 
1214.000000 1.109183e-02 
1215.000000 1.100988e-02 
1216.000000 1.092846e-02 
1217.000000 1.084758e-02 
1218.000000 1.076724e-02 
1219.000000 1.068742e-02 
1220.000000 1.060813e-02 
1221.000000 1.052937e-02 
1222.000000 1.045112e-02 
1223.000000 1.037340e-02 
1224.000000 1.029619e-02 
1225.000000 1.021949e-02 
1226.000000 1.014330e-02 
1227.000000 1.006762e-02 
1228.000000 9.992437e-03 
1229.000000 9.917759e-03 
1230.000000 9.843579e-03 
1231.000000 9.769894e-03 
1232.000000 9.696702e-03 
1233.000000 9.623999e-03 
1234.000000 9.551783e-03 
1235.000000 9.480051e-03 
1236.000000 9.408801e-03 
1237.000000 9.338029e-03 
1238.000000 9.267732e-03 
1239.000000 9.197909e-03 
1240.000000 9.128556e-03 
1241.000000 9.059671e-03 
1242.000000 8.991250e-03 
1243.000000 8.923292e-03 
1244.000000 8.855793e-03 
1245.000000 8.788752e-03 
1246.000000 8.722165e-03 
1247.000000 8.656029e-03 
1248.000000 8.590342e-03 
1249.000000 8.525102e-03 
1250.000000 8.460306e-03 
1251.000000 8.395951e-03 
1252.000000 8.332034e-03 
1253.000000 8.268554e-03 
1254.000000 8.205507e-03 
1255.000000 8.142891e-03 
1256.000000 8.080704e-03 
1257.000000 8.018943e-03 
1258.000000 7.957605e-03 
1259.000000 7.896688e-03 
1260.000000 7.836190e-03 
1261.000000 7.776107e-03 
1262.000000 7.716439e-03 
1263.000000 7.657181e-03 
1264.000000 7.598332e-03 
1265.000000 7.539890e-03 
1266.000000 7.481851e-03 
1267.000000 7.424213e-03 
1268.000000 7.366975e-03 
1269.000000 7.310133e-03 
1270.000000 7.253686e-03 
1271.000000 7.197631e-03 
1272.000000 7.141965e-03 
1273.000000 7.086686e-03 
1274.000000 7.031793e-03 
1275.000000 6.977282e-03 
1276.000000 6.923151e-03 
1277.000000 6.869398e-03 
1278.000000 6.816021e-03 
1279.000000 6.763018e-03 
1280.000000 6.710386e-03 
1281.000000 6.658122e-03 
1282.000000 6.606226e-03 
1283.000000 6.554694e-03 
1284.000000 6.503524e-03 
1285.000000 6.452714e-03 
1286.000000 6.402262e-03 
1287.000000 6.352166e-03 
1288.000000 6.302424e-03 
1289.000000 6.253032e-03 
1290.000000 6.203990e-03 
1291.000000 6.155295e-03 
1292.000000 6.106945e-03 
1293.000000 6.058938e-03 
1294.000000 6.011272e-03 
1295.000000 5.963944e-03 
1296.000000 5.916952e-03 
1297.000000 5.870295e-03 
1298.000000 5.823971e-03 
1299.000000 5.777976e-03 
1300.000000 5.732310e-03 
1301.000000 5.686970e-03 
1302.000000 5.641955e-03 
1303.000000 5.597261e-03 
1304.000000 5.552888e-03 
1305.000000 5.508832e-03 
1306.000000 5.465093e-03 
1307.000000 5.421668e-03 
1308.000000 5.378556e-03 
1309.000000 5.335753e-03 
1310.000000 5.293259e-03 
1311.000000 5.251071e-03 
1312.000000 5.209188e-03 
1313.000000 5.167607e-03 
1314.000000 5.126327e-03 
1315.000000 5.085346e-03 
1316.000000 5.044661e-03 
1317.000000 5.004272e-03 
1318.000000 4.964175e-03 
1319.000000 4.924370e-03 
1320.000000 4.884854e-03 
1321.000000 4.845625e-03 
1322.000000 4.806682e-03 
1323.000000 4.768023e-03 
1324.000000 4.729647e-03 
1325.000000 4.691550e-03 
1326.000000 4.653732e-03 
1327.000000 4.616190e-03 
1328.000000 4.578924e-03 
1329.000000 4.541930e-03 
1330.000000 4.505208e-03 
1331.000000 4.468756e-03 
1332.000000 4.432571e-03 
1333.000000 4.396653e-03 
1334.000000 4.360999e-03 
1335.000000 4.325608e-03 
1336.000000 4.290477e-03 
1337.000000 4.255606e-03 
1338.000000 4.220993e-03 
1339.000000 4.186636e-03 
1340.000000 4.152533e-03 
1341.000000 4.118683e-03 
1342.000000 4.085083e-03 
1343.000000 4.051733e-03 
1344.000000 4.018631e-03 
1345.000000 3.985775e-03 
1346.000000 3.953164e-03 
1347.000000 3.920795e-03 
1348.000000 3.888668e-03 
1349.000000 3.856780e-03 
1350.000000 3.825130e-03 
1351.000000 3.793717e-03 
1352.000000 3.762539e-03 
1353.000000 3.731595e-03 
1354.000000 3.700882e-03 
1355.000000 3.670400e-03 
1356.000000 3.640147e-03 
1357.000000 3.610121e-03 
1358.000000 3.580320e-03 
1359.000000 3.550745e-03 
1360.000000 3.521391e-03 
1361.000000 3.492260e-03 
1362.000000 3.463348e-03 
1363.000000 3.434654e-03 
1364.000000 3.406178e-03 
1365.000000 3.377917e-03 
1366.000000 3.349870e-03 
1367.000000 3.322035e-03 
1368.000000 3.294412e-03 
1369.000000 3.266998e-03 
1370.000000 3.239793e-03 
1371.000000 3.212795e-03 
1372.000000 3.186002e-03 
1373.000000 3.159414e-03 
1374.000000 3.133028e-03 
1375.000000 3.106843e-03 
1376.000000 3.080859e-03 
1377.000000 3.055073e-03 
1378.000000 3.029485e-03 
1379.000000 3.004093e-03 
1380.000000 2.978895e-03 
1381.000000 2.953891e-03 
1382.000000 2.929078e-03 
1383.000000 2.904456e-03 
1384.000000 2.880024e-03 
1385.000000 2.855780e-03 
1386.000000 2.831722e-03 
1387.000000 2.807851e-03 
1388.000000 2.784163e-03 
1389.000000 2.760658e-03 
1390.000000 2.737335e-03 
1391.000000 2.714193e-03 
1392.000000 2.691230e-03 
1393.000000 2.668444e-03 
1394.000000 2.645836e-03 
1395.000000 2.623403e-03 
1396.000000 2.601144e-03 
1397.000000 2.579059e-03 
1398.000000 2.557145e-03 
1399.000000 2.535402e-03 
1400.000000 2.513829e-03 
1401.000000 2.492424e-03 
1402.000000 2.471186e-03 
1403.000000 2.450114e-03 
1404.000000 2.429207e-03 
1405.000000 2.408464e-03 
1406.000000 2.387884e-03 
1407.000000 2.367464e-03 
1408.000000 2.347205e-03 
1409.000000 2.327105e-03 
1410.000000 2.307164e-03 
1411.000000 2.287379e-03 
1412.000000 2.267750e-03 
1413.000000 2.248275e-03 
1414.000000 2.228955e-03 
1415.000000 2.209786e-03 
1416.000000 2.190770e-03 
1417.000000 2.171903e-03 
1418.000000 2.153187e-03 
1419.000000 2.134618e-03 
1420.000000 2.116196e-03 
1421.000000 2.097921e-03 
1422.000000 2.079791e-03 
1423.000000 2.061805e-03 
1424.000000 2.043962e-03 
1425.000000 2.026261e-03 
1426.000000 2.008701e-03 
1427.000000 1.991281e-03 
1428.000000 1.974000e-03 
1429.000000 1.956857e-03 
1430.000000 1.939851e-03 
1431.000000 1.922982e-03 
1432.000000 1.906247e-03 
1433.000000 1.889646e-03 
1434.000000 1.873179e-03 
1435.000000 1.856843e-03 
1436.000000 1.840639e-03 
1437.000000 1.824566e-03 
1438.000000 1.808621e-03 
1439.000000 1.792805e-03 
1440.000000 1.777116e-03 
1441.000000 1.761554e-03 
1442.000000 1.746118e-03 
1443.000000 1.730806e-03 
1444.000000 1.715618e-03 
1445.000000 1.700553e-03 
1446.000000 1.685610e-03 
1447.000000 1.670788e-03 
1448.000000 1.656086e-03 
1449.000000 1.641504e-03 
1450.000000 1.627040e-03 
1451.000000 1.612693e-03 
1452.000000 1.598464e-03 
1453.000000 1.584350e-03 
1454.000000 1.570352e-03 
1455.000000 1.556467e-03 
1456.000000 1.542696e-03 
1457.000000 1.529037e-03 
1458.000000 1.515490e-03 
1459.000000 1.502054e-03 
1460.000000 1.488728e-03 
1461.000000 1.475511e-03 
1462.000000 1.462403e-03 
1463.000000 1.449402e-03 
1464.000000 1.436508e-03 
1465.000000 1.423720e-03 
1466.000000 1.411037e-03 
1467.000000 1.398459e-03 
1468.000000 1.385984e-03 
1469.000000 1.373613e-03 
1470.000000 1.361343e-03 
1471.000000 1.349175e-03 
1472.000000 1.337107e-03 
1473.000000 1.325139e-03 
1474.000000 1.313271e-03 
1475.000000 1.301500e-03 
1476.000000 1.289827e-03 
1477.000000 1.278252e-03 
1478.000000 1.266772e-03 
1479.000000 1.255388e-03 
1480.000000 1.244098e-03 
1481.000000 1.232903e-03 
1482.000000 1.221800e-03 
1483.000000 1.210791e-03 
1484.000000 1.199873e-03 
1485.000000 1.189046e-03 
1486.000000 1.178310e-03 
1487.000000 1.167664e-03 
1488.000000 1.157107e-03 
1489.000000 1.146638e-03 
1490.000000 1.136257e-03 
1491.000000 1.125963e-03 
1492.000000 1.115756e-03 
1493.000000 1.105634e-03 
1494.000000 1.095598e-03 
1495.000000 1.085646e-03 
1496.000000 1.075778e-03 
1497.000000 1.065993e-03 
1498.000000 1.056290e-03 
1499.000000 1.046670e-03 
1500.000000 1.037131e-03 
1501.000000 1.027672e-03 
1502.000000 1.018294e-03 
1503.000000 1.008995e-03 
1504.000000 9.997746e-04 
1505.000000 9.906325e-04 
1506.000000 9.815681e-04 
1507.000000 9.725807e-04 
1508.000000 9.636697e-04 
1509.000000 9.548345e-04 
1510.000000 9.460746e-04 
1511.000000 9.373893e-04 
1512.000000 9.287780e-04 
1513.000000 9.202403e-04 
1514.000000 9.117754e-04 
1515.000000 9.033829e-04 
1516.000000 8.950622e-04 
1517.000000 8.868127e-04 
1518.000000 8.786339e-04 
1519.000000 8.705252e-04 
1520.000000 8.624861e-04 
1521.000000 8.545160e-04 
1522.000000 8.466144e-04 
1523.000000 8.387807e-04 
1524.000000 8.310145e-04 
1525.000000 8.233151e-04 
1526.000000 8.156821e-04 
1527.000000 8.081149e-04 
1528.000000 8.006130e-04 
1529.000000 7.931759e-04 
1530.000000 7.858032e-04 
1531.000000 7.784942e-04 
1532.000000 7.712484e-04 
1533.000000 7.640655e-04 
1534.000000 7.569448e-04 
1535.000000 7.498859e-04 
1536.000000 7.428883e-04 
1537.000000 7.359515e-04 
1538.000000 7.290751e-04 
1539.000000 7.222584e-04 
1540.000000 7.155012e-04 
1541.000000 7.088028e-04 
1542.000000 7.021629e-04 
1543.000000 6.955809e-04 
1544.000000 6.890564e-04 
1545.000000 6.825889e-04 
1546.000000 6.761780e-04 
1547.000000 6.698233e-04 
1548.000000 6.635242e-04 
1549.000000 6.572803e-04 
1550.000000 6.510912e-04 
1551.000000 6.449565e-04 
1552.000000 6.388757e-04 
1553.000000 6.328483e-04 
1554.000000 6.268740e-04 
1555.000000 6.209522e-04 
1556.000000 6.150827e-04 
1557.000000 6.092649e-04 
1558.000000 6.034985e-04 
1559.000000 5.977830e-04 
1560.000000 5.921180e-04 
1561.000000 5.865031e-04 
1562.000000 5.809379e-04 
1563.000000 5.754220e-04 
1564.000000 5.699551e-04 
1565.000000 5.645366e-04 
1566.000000 5.591662e-04 
1567.000000 5.538435e-04 
1568.000000 5.485681e-04 
1569.000000 5.433396e-04 
1570.000000 5.381577e-04 
1571.000000 5.330220e-04 
1572.000000 5.279321e-04 
1573.000000 5.228876e-04 
1574.000000 5.178881e-04 
1575.000000 5.129333e-04 
1576.000000 5.080227e-04 
1577.000000 5.031562e-04 
1578.000000 4.983332e-04 
1579.000000 4.935534e-04 
1580.000000 4.888165e-04 
1581.000000 4.841221e-04 
1582.000000 4.794698e-04 
1583.000000 4.748594e-04 
1584.000000 4.702904e-04 
1585.000000 4.657625e-04 
1586.000000 4.612755e-04 
1587.000000 4.568288e-04 
1588.000000 4.524223e-04 
1589.000000 4.480555e-04 
1590.000000 4.437282e-04 
1591.000000 4.394400e-04 
1592.000000 4.351905e-04 
1593.000000 4.309796e-04 
1594.000000 4.268067e-04 
1595.000000 4.226717e-04 
1596.000000 4.185742e-04 
1597.000000 4.145139e-04 
1598.000000 4.104905e-04 
1599.000000 4.065036e-04 
1600.000000 4.025530e-04 
1601.000000 3.986384e-04 
1602.000000 3.947594e-04 
1603.000000 3.909158e-04 
1604.000000 3.871073e-04 
1605.000000 3.833335e-04 
1606.000000 3.795941e-04 
1607.000000 3.758890e-04 
1608.000000 3.722178e-04 
1609.000000 3.685801e-04 
1610.000000 3.649758e-04 
1611.000000 3.614046e-04 
1612.000000 3.578660e-04 
1613.000000 3.543600e-04 
1614.000000 3.508862e-04 
1615.000000 3.474443e-04 
1616.000000 3.440341e-04 
1617.000000 3.406552e-04 
1618.000000 3.373075e-04 
1619.000000 3.339907e-04 
1620.000000 3.307044e-04 
1621.000000 3.274485e-04 
1622.000000 3.242227e-04 
1623.000000 3.210267e-04 
1624.000000 3.178602e-04 
1625.000000 3.147231e-04 
1626.000000 3.116150e-04 
1627.000000 3.085357e-04 
1628.000000 3.054850e-04 
1629.000000 3.024626e-04 
1630.000000 2.994683e-04 
1631.000000 2.965018e-04 
1632.000000 2.935629e-04 
1633.000000 2.906514e-04 
1634.000000 2.877670e-04 
1635.000000 2.849095e-04 
1636.000000 2.820786e-04 
1637.000000 2.792741e-04 
1638.000000 2.764959e-04 
1639.000000 2.737436e-04 
1640.000000 2.710170e-04 
1641.000000 2.683160e-04 
1642.000000 2.656403e-04 
1643.000000 2.629896e-04 
1644.000000 2.603639e-04 
1645.000000 2.577627e-04 
1646.000000 2.551860e-04 
1647.000000 2.526335e-04 
1648.000000 2.501050e-04 
1649.000000 2.476003e-04 
1650.000000 2.451192e-04 
1651.000000 2.426614e-04 
1652.000000 2.402269e-04 
1653.000000 2.378153e-04 
1654.000000 2.354265e-04 
1655.000000 2.330603e-04 
1656.000000 2.307164e-04 
1657.000000 2.283947e-04 
1658.000000 2.260950e-04 
1659.000000 2.238171e-04 
1660.000000 2.215608e-04 
1661.000000 2.193259e-04 
1662.000000 2.171122e-04 
1663.000000 2.149195e-04 
1664.000000 2.127477e-04 
1665.000000 2.105966e-04 
1666.000000 2.084659e-04 
1667.000000 2.063555e-04 
1668.000000 2.042652e-04 
1669.000000 2.021949e-04 
1670.000000 2.001444e-04 
1671.000000 1.981134e-04 
1672.000000 1.961018e-04 
1673.000000 1.941095e-04 
1674.000000 1.921363e-04 
1675.000000 1.901819e-04 
1676.000000 1.882463e-04 
1677.000000 1.863292e-04 
1678.000000 1.844306e-04 
1679.000000 1.825501e-04 
1680.000000 1.806878e-04 
1681.000000 1.788433e-04 
1682.000000 1.770166e-04 
1683.000000 1.752075e-04 
1684.000000 1.734158e-04 
1685.000000 1.716414e-04 
1686.000000 1.698841e-04 
1687.000000 1.681438e-04 
1688.000000 1.664203e-04 
1689.000000 1.647134e-04 
1690.000000 1.630231e-04 
1691.000000 1.613491e-04 
1692.000000 1.596914e-04 
1693.000000 1.580497e-04 
1694.000000 1.564239e-04 
1695.000000 1.548139e-04 
1696.000000 1.532195e-04 
1697.000000 1.516407e-04 
1698.000000 1.500771e-04 
1699.000000 1.485288e-04 
1700.000000 1.469956e-04 
1701.000000 1.454773e-04 
1702.000000 1.439739e-04 
1703.000000 1.424850e-04 
1704.000000 1.410108e-04 
1705.000000 1.395509e-04 
1706.000000 1.381053e-04 
1707.000000 1.366738e-04 
1708.000000 1.352564e-04 
1709.000000 1.338528e-04 
1710.000000 1.324630e-04 
1711.000000 1.310868e-04 
1712.000000 1.297241e-04 
1713.000000 1.283748e-04 
1714.000000 1.270388e-04 
1715.000000 1.257159e-04 
1716.000000 1.244060e-04 
1717.000000 1.231090e-04 
1718.000000 1.218248e-04 
1719.000000 1.205533e-04 
1720.000000 1.192943e-04 
1721.000000 1.180477e-04 
1722.000000 1.168135e-04 
1723.000000 1.155914e-04 
1724.000000 1.143814e-04 
1725.000000 1.131834e-04 
1726.000000 1.119973e-04 
1727.000000 1.108229e-04 
1728.000000 1.096602e-04 
1729.000000 1.085090e-04 
1730.000000 1.073692e-04 
1731.000000 1.062407e-04 
1732.000000 1.051235e-04 
1733.000000 1.040174e-04 
1734.000000 1.029223e-04 
1735.000000 1.018381e-04 
1736.000000 1.007647e-04 
1737.000000 9.970202e-05 
1738.000000 9.864994e-05 
1739.000000 9.760837e-05 
1740.000000 9.657720e-05 
1741.000000 9.555634e-05 
1742.000000 9.454570e-05 
1743.000000 9.354518e-05 
1744.000000 9.255467e-05 
1745.000000 9.157410e-05 
1746.000000 9.060336e-05 
1747.000000 8.964237e-05 
1748.000000 8.869103e-05 
1749.000000 8.774925e-05 
1750.000000 8.681694e-05 
1751.000000 8.589401e-05 
1752.000000 8.498037e-05 
1753.000000 8.407594e-05 
1754.000000 8.318062e-05 
1755.000000 8.229434e-05 
1756.000000 8.141701e-05 
1757.000000 8.054853e-05 
1758.000000 7.968883e-05 
1759.000000 7.883783e-05 
1760.000000 7.799544e-05 
1761.000000 7.716158e-05 
1762.000000 7.633617e-05 
1763.000000 7.551913e-05 
1764.000000 7.471037e-05 
1765.000000 7.390983e-05 
1766.000000 7.311742e-05 
1767.000000 7.233306e-05 
1768.000000 7.155668e-05 
1769.000000 7.078820e-05 
1770.000000 7.002754e-05 
1771.000000 6.927464e-05 
1772.000000 6.852942e-05 
1773.000000 6.779179e-05 
1774.000000 6.706170e-05 
1775.000000 6.633906e-05 
1776.000000 6.562381e-05 
1777.000000 6.491588e-05 
1778.000000 6.421519e-05 
1779.000000 6.352168e-05 
1780.000000 6.283527e-05 
1781.000000 6.215590e-05 
1782.000000 6.148350e-05 
1783.000000 6.081801e-05 
1784.000000 6.015935e-05 
1785.000000 5.950746e-05 
1786.000000 5.886227e-05 
1787.000000 5.822373e-05 
1788.000000 5.759176e-05 
1789.000000 5.696630e-05 
1790.000000 5.634729e-05 
1791.000000 5.573466e-05 
1792.000000 5.512836e-05 
1793.000000 5.452833e-05 
1794.000000 5.393449e-05 
1795.000000 5.334680e-05 
1796.000000 5.276519e-05 
1797.000000 5.218960e-05 
1798.000000 5.161997e-05 
1799.000000 5.105625e-05 
1800.000000 5.049838e-05 
1801.000000 4.994630e-05 
1802.000000 4.939995e-05 
1803.000000 4.885928e-05 
1804.000000 4.832424e-05 
1805.000000 4.779476e-05 
1806.000000 4.727079e-05 
1807.000000 4.675228e-05 
1808.000000 4.623918e-05 
1809.000000 4.573143e-05 
1810.000000 4.522898e-05 
1811.000000 4.473178e-05 
1812.000000 4.423977e-05 
1813.000000 4.375291e-05 
1814.000000 4.327114e-05 
1815.000000 4.279441e-05 
1816.000000 4.232268e-05 
1817.000000 4.185589e-05 
1818.000000 4.139400e-05 
1819.000000 4.093696e-05 
1820.000000 4.048471e-05 
1821.000000 4.003722e-05 
1822.000000 3.959443e-05 
1823.000000 3.915630e-05 
1824.000000 3.872278e-05 
1825.000000 3.829383e-05 
1826.000000 3.786940e-05 
1827.000000 3.744944e-05 
1828.000000 3.703391e-05 
1829.000000 3.662278e-05 
1830.000000 3.621598e-05 
1831.000000 3.581349e-05 
1832.000000 3.541525e-05 
1833.000000 3.502122e-05 
1834.000000 3.463137e-05 
1835.000000 3.424565e-05 
1836.000000 3.386402e-05 
1837.000000 3.348644e-05 
1838.000000 3.311286e-05 
1839.000000 3.274326e-05 
1840.000000 3.237758e-05 
1841.000000 3.201579e-05 
1842.000000 3.165785e-05 
1843.000000 3.130372e-05 
1844.000000 3.095336e-05 
1845.000000 3.060674e-05 
1846.000000 3.026381e-05 
1847.000000 2.992454e-05 
1848.000000 2.958890e-05 
1849.000000 2.925684e-05 
1850.000000 2.892833e-05 
1851.000000 2.860334e-05 
1852.000000 2.828182e-05 
1853.000000 2.796375e-05 
1854.000000 2.764909e-05 
1855.000000 2.733780e-05 
1856.000000 2.702984e-05 
1857.000000 2.672520e-05 
1858.000000 2.642383e-05 
1859.000000 2.612570e-05 
1860.000000 2.583077e-05 
1861.000000 2.553901e-05 
1862.000000 2.525040e-05 
1863.000000 2.496490e-05 
1864.000000 2.468247e-05 
1865.000000 2.440309e-05 
1866.000000 2.412673e-05 
1867.000000 2.385335e-05 
1868.000000 2.358292e-05 
1869.000000 2.331542e-05 
1870.000000 2.305081e-05 
1871.000000 2.278906e-05 
1872.000000 2.253015e-05 
1873.000000 2.227405e-05 
1874.000000 2.202072e-05 
1875.000000 2.177014e-05 
1876.000000 2.152228e-05 
1877.000000 2.127711e-05 
1878.000000 2.103461e-05 
1879.000000 2.079474e-05 
1880.000000 2.055748e-05 
1881.000000 2.032281e-05 
1882.000000 2.009069e-05 
1883.000000 1.986110e-05 
1884.000000 1.963402e-05 
1885.000000 1.940941e-05 
1886.000000 1.918726e-05 
1887.000000 1.896753e-05 
1888.000000 1.875021e-05 
1889.000000 1.853526e-05 
1890.000000 1.832266e-05 
1891.000000 1.811240e-05 
1892.000000 1.790443e-05 
1893.000000 1.769875e-05 
1894.000000 1.749532e-05 
1895.000000 1.729412e-05 
1896.000000 1.709514e-05 
1897.000000 1.689834e-05 
1898.000000 1.670370e-05 
1899.000000 1.651121e-05 
1900.000000 1.632083e-05 
1901.000000 1.613255e-05 
1902.000000 1.594635e-05 
1903.000000 1.576219e-05 
1904.000000 1.558007e-05 
1905.000000 1.539996e-05 
1906.000000 1.522184e-05 
1907.000000 1.504569e-05 
1908.000000 1.487148e-05 
1909.000000 1.469921e-05 
1910.000000 1.452883e-05 
1911.000000 1.436035e-05 
1912.000000 1.419373e-05 
1913.000000 1.402897e-05 
1914.000000 1.386602e-05 
1915.000000 1.370489e-05 
1916.000000 1.354555e-05 
1917.000000 1.338798e-05 
1918.000000 1.323216e-05 
1919.000000 1.307807e-05 
1920.000000 1.292570e-05 
1921.000000 1.277503e-05 
1922.000000 1.262604e-05 
1923.000000 1.247871e-05 
1924.000000 1.233302e-05 
1925.000000 1.218896e-05 
1926.000000 1.204650e-05 
1927.000000 1.190564e-05 
1928.000000 1.176636e-05 
1929.000000 1.162863e-05 
1930.000000 1.149245e-05 
1931.000000 1.135779e-05 
1932.000000 1.122464e-05 
1933.000000 1.109298e-05 
1934.000000 1.096281e-05 
1935.000000 1.083409e-05 
1936.000000 1.070682e-05 
1937.000000 1.058098e-05 
1938.000000 1.045655e-05 
1939.000000 1.033352e-05 
1940.000000 1.021188e-05 
1941.000000 1.009161e-05 
1942.000000 9.972699e-06 
1943.000000 9.855125e-06 
1944.000000 9.738878e-06 
1945.000000 9.623944e-06 
1946.000000 9.510308e-06 
1947.000000 9.397956e-06 
1948.000000 9.286875e-06 
1949.000000 9.177051e-06 
1950.000000 9.068471e-06 
1951.000000 8.961120e-06 
1952.000000 8.854986e-06 
1953.000000 8.750056e-06 
1954.000000 8.646316e-06 
1955.000000 8.543754e-06 
1956.000000 8.442357e-06 
1957.000000 8.342113e-06 
1958.000000 8.243009e-06 
1959.000000 8.145032e-06 
1960.000000 8.048170e-06 
1961.000000 7.952412e-06 
1962.000000 7.857746e-06 
1963.000000 7.764159e-06 
1964.000000 7.671640e-06 
1965.000000 7.580176e-06 
1966.000000 7.489758e-06 
1967.000000 7.400373e-06 
1968.000000 7.312010e-06 
1969.000000 7.224658e-06 
1970.000000 7.138307e-06 
1971.000000 7.052944e-06 
1972.000000 6.968559e-06 
1973.000000 6.885142e-06 
1974.000000 6.802682e-06 
1975.000000 6.721169e-06 
1976.000000 6.640592e-06 
1977.000000 6.560940e-06 
1978.000000 6.482205e-06 
1979.000000 6.404375e-06 
1980.000000 6.327442e-06 
1981.000000 6.251394e-06 
1982.000000 6.176222e-06 
1983.000000 6.101918e-06 
1984.000000 6.028470e-06 
1985.000000 5.955870e-06 
1986.000000 5.884109e-06 
1987.000000 5.813176e-06 
1988.000000 5.743064e-06 
1989.000000 5.673762e-06 
1990.000000 5.605263e-06 
1991.000000 5.537557e-06 
1992.000000 5.470635e-06 
1993.000000 5.404490e-06 
1994.000000 5.339111e-06 
1995.000000 5.274491e-06 
1996.000000 5.210621e-06 
1997.000000 5.147493e-06 
1998.000000 5.085099e-06 
1999.000000 5.023431e-06 
